frame, timestamp, confidence, success, gaze_0_x, gaze_0_y, gaze_0_z, gaze_1_x, gaze_1_y, gaze_1_z, pose_Tx, pose_Ty, pose_Tz, pose_Rx, pose_Ry, pose_Rz, x_0, x_1, x_2, x_3, x_4, x_5, x_6, x_7, x_8, x_9, x_10, x_11, x_12, x_13, x_14, x_15, x_16, x_17, x_18, x_19, x_20, x_21, x_22, x_23, x_24, x_25, x_26, x_27, x_28, x_29, x_30, x_31, x_32, x_33, x_34, x_35, x_36, x_37, x_38, x_39, x_40, x_41, x_42, x_43, x_44, x_45, x_46, x_47, x_48, x_49, x_50, x_51, x_52, x_53, x_54, x_55, x_56, x_57, x_58, x_59, x_60, x_61, x_62, x_63, x_64, x_65, x_66, x_67, y_0, y_1, y_2, y_3, y_4, y_5, y_6, y_7, y_8, y_9, y_10, y_11, y_12, y_13, y_14, y_15, y_16, y_17, y_18, y_19, y_20, y_21, y_22, y_23, y_24, y_25, y_26, y_27, y_28, y_29, y_30, y_31, y_32, y_33, y_34, y_35, y_36, y_37, y_38, y_39, y_40, y_41, y_42, y_43, y_44, y_45, y_46, y_47, y_48, y_49, y_50, y_51, y_52, y_53, y_54, y_55, y_56, y_57, y_58, y_59, y_60, y_61, y_62, y_63, y_64, y_65, y_66, y_67, AU01_r, AU02_r, AU04_r, AU05_r, AU06_r, AU07_r, AU09_r, AU10_r, AU12_r, AU14_r, AU15_r, AU17_r, AU20_r, AU23_r, AU25_r, AU26_r, AU45_r, AU01_c, AU02_c, AU04_c, AU05_c, AU06_c, AU07_c, AU09_c, AU10_c, AU12_c, AU14_c, AU15_c, AU17_c, AU20_c, AU23_c, AU25_c, AU26_c, AU28_c, AU45_c
1,  0,  0.983788,  1,  0.192829,  0.166889,  -0.966936,  -0.0631275,  0.150385,  -0.98661,  -7.77548,  -23.8958,  438.458,  -0.110573,  -0.212819,  0.00711547,  108.755,  109.024,  110.332,  112.765,  117.681,  125.309,  134.687,  145.331,  155.571,  164.318,  170.907,  176.827,  181.385,  184.294,  186.038,  187.045,  187.149,  121.836,  127.574,  135.759,  144.242,  151.544,  163.623,  169.823,  175.996,  181.725,  184.975,  157.912,  158.893,  159.972,  161.04,  150.643,  154.874,  159.032,  162.701,  165.857,  131.01,  135.958,  141.317,  145.6,  141.156,  135.757,  165.52,  169.954,  174.793,  178.152,  175.196,  170.42,  141.887,  149.13,  155.301,  158.842,  162.45,  166.738,  169.746,  166.486,  162.4,  158.529,  154.618,  148.635,  144.576,  154.945,  158.563,  162.202,  167.737,  162.047,  158.376,  154.675,  89.566,  100.591,  111.66,  122.302,  131.694,  139.472,  145.23,  149.157,  150.297,  149.182,  144.884,  138.973,  131.207,  121.996,  112.202,  102.4,  92.6879,  77.2941,  71.3085,  68.8221,  69.4102,  72.3843,  72.6535,  70.5781,  70.806,  73.6331,  79.5307,  82.2883,  87.91,  93.388,  99.1767,  106.805,  107.843,  108.8,  108.153,  107.35,  84.8614,  81.9569,  82.1617,  85.5239,  86.4778,  86.4095,  86.4407,  83.355,  83.7987,  86.9484,  88.0826,  87.7925,  122.944,  118.322,  116.149,  117.265,  116.571,  119.255,  123.798,  127.6,  128.819,  128.963,  128.564,  126.934,  122.73,  120.279,  120.617,  120.551,  123.564,  123.717,  123.897,  123.523, 0.363434, 0, 0, 0, 0.694774, 1.60858, 0, 0, 0.0677155, 0, 0, 0, 0.580571, 0, 0.412218, 0.379236, 0, 0, 0, 0, 1, 0, 0, 0, 0, 0, 0, 0, 0, 0, 1, 0, 1, 0, 0
2,  0.0666667,  0.982904,  1,  0.193109,  0.16538,  -0.967139,  -0.0632343,  0.148603,  -0.986873,  -7.69783,  -24.4649,  440.626,  -0.113624,  -0.217345,  0.00609455,  108.805,  109.1,  110.409,  112.823,  117.726,  125.377,  134.82,  145.499,  155.735,  164.445,  170.972,  176.825,  181.328,  184.187,  185.898,  186.878,  186.96,  121.951,  127.7,  135.853,  144.301,  151.589,  163.652,  169.812,  175.941,  181.631,  184.867,  157.972,  158.972,  160.07,  161.156,  150.771,  154.996,  159.139,  162.792,  165.931,  131.121,  136.043,  141.382,  145.629,  141.219,  135.846,  165.542,  169.931,  174.744,  178.079,  175.145,  170.403,  142.043,  149.277,  155.408,  158.962,  162.576,  166.827,  169.812,  166.596,  162.553,  158.681,  154.764,  148.807,  144.723,  155.06,  158.689,  162.335,  167.82,  162.196,  158.52,  154.811,  89.5753,  100.525,  111.506,  122.046,  131.321,  138.966,  144.586,  148.435,  149.568,  148.515,  144.325,  138.553,  130.904,  121.783,  112.062,  102.332,  92.692,  77.1818,  71.2658,  68.822,  69.4129,  72.3633,  72.6751,  70.6189,  70.8441,  73.6254,  79.4571,  82.1958,  87.8231,  93.3066,  99.0927,  106.612,  107.653,  108.611,  107.96,  107.149,  84.6766,  81.7701,  81.9739,  85.3566,  86.2905,  86.2148,  86.2974,  83.2036,  83.6464,  86.806,  87.9201,  87.6301,  122.565,  117.988,  115.855,  116.964,  116.276,  118.938,  123.439,  127.109,  128.286,  128.421,  128.021,  126.435,  122.35,  119.968,  120.305,  120.24,  123.197,  123.216,  123.389,  123.018, 0.126931, 0, 0, 0, 0.716506, 1.95514, 0, 0, 0.142733, 0, 0, 0.0350458, 0.270111, 0, 0.208411, 0.282227, 0, 0, 0, 0, 1, 0, 0, 0, 0, 0, 0, 0, 0, 0, 1, 0, 0, 0, 0
3,  0.133333,  0.982263,  1,  0.193134,  0.163733,  -0.967414,  -0.0629212,  0.146663,  -0.987183,  -7.69193,  -24.4854,  440.867,  -0.117461,  -0.222212,  0.00540548,  108.719,  109.031,  110.362,  112.799,  117.733,  125.414,  134.882,  145.578,  155.785,  164.434,  170.881,  176.674,  181.16,  184.017,  185.726,  186.698,  186.767,  121.939,  127.695,  135.846,  144.295,  151.583,  163.651,  169.782,  175.878,  181.542,  184.763,  157.981,  159.013,  160.141,  161.257,  150.852,  155.077,  159.218,  162.857,  165.981,  131.131,  136.049,  141.391,  145.634,  141.236,  135.86,  165.509,  169.872,  174.679,  178.002,  175.093,  170.361,  142.089,  149.347,  155.484,  159.037,  162.642,  166.873,  169.826,  166.648,  162.626,  158.764,  154.847,  148.879,  144.773,  155.134,  158.762,  162.399,  167.849,  162.257,  158.591,  154.883,  89.6721,  100.614,  111.587,  122.114,  131.359,  138.974,  144.563,  148.381,  149.512,  148.495,  144.372,  138.663,  131.058,  121.965,  112.244,  102.499,  92.8422,  77.1837,  71.2695,  68.8245,  69.3967,  72.327,  72.6456,  70.6009,  70.8459,  73.6415,  79.4803,  82.1559,  87.7822,  93.2639,  99.0474,  106.583,  107.616,  108.57,  107.924,  107.119,  84.6593,  81.7307,  81.9349,  85.3355,  86.2662,  86.1905,  86.2814,  83.1677,  83.6112,  86.796,  87.9036,  87.6109,  122.548,  117.968,  115.832,  116.939,  116.257,  118.928,  123.437,  127.094,  128.258,  128.387,  127.984,  126.401,  122.333,  119.934,  120.272,  120.209,  123.195,  123.199,  123.366,  122.993, 0.0172249, 0, 0, 0, 0.725176, 2.11327, 0, 0, 0.193905, 0, 0, 0.111794, 0.076587, 0, 0.0710048, 0.266335, 0, 0, 0, 0, 1, 0, 0, 0, 0, 0, 0, 0, 0, 0, 1, 0, 0, 0, 0
4,  0.2,  0.982302,  1,  0.193463,  0.163164,  -0.967445,  -0.0627805,  0.146017,  -0.987288,  -7.74142,  -24.5004,  440.504,  -0.121359,  -0.222705,  0.00614927,  108.677,  108.985,  110.307,  112.737,  117.665,  125.347,  134.82,  145.516,  155.708,  164.343,  170.782,  176.585,  181.093,  183.966,  185.681,  186.655,  186.733,  121.895,  127.657,  135.838,  144.321,  151.627,  163.621,  169.767,  175.879,  181.556,  184.779,  157.965,  159,  160.131,  161.247,  150.81,  155.046,  159.198,  162.841,  165.971,  131.083,  136.017,  141.366,  145.623,  141.212,  135.83,  165.496,  169.873,  174.684,  178.013,  175.101,  170.362,  142,  149.288,  155.446,  159.005,  162.621,  166.862,  169.822,  166.626,  162.596,  158.724,  154.798,  148.813,  144.688,  155.087,  158.725,  162.371,  167.845,  162.225,  158.55,  154.83,  89.7405,  100.666,  111.628,  122.149,  131.379,  138.979,  144.55,  148.356,  149.5,  148.516,  144.443,  138.778,  131.2,  122.125,  112.407,  102.66,  93.0011,  77.1644,  71.214,  68.7466,  69.3061,  72.2498,  72.5585,  70.508,  70.7828,  73.633,  79.5313,  82.1155,  87.7418,  93.2229,  99.0061,  106.537,  107.575,  108.534,  107.896,  107.107,  84.6452,  81.7161,  81.9267,  85.3272,  86.2502,  86.1709,  86.292,  83.1848,  83.6361,  86.8297,  87.9273,  87.6277,  122.463,  117.889,  115.754,  116.867,  116.193,  118.878,  123.404,  127.047,  128.193,  128.312,  127.902,  126.316,  122.254,  119.86,  120.206,  120.15,  123.156,  123.137,  123.293,  122.915, 0.119159, 0.0028488, 0, 0, 0.71552, 2.00019, 0, 0, 0.199745, 0.0550797, 0, 0.164685, 0.109081, 0.00338989, 0.0710048, 0.328079, 0, 0, 0, 0, 1, 0, 0, 0, 0, 0, 0, 0, 0, 0, 1, 0, 0, 0, 0
5,  0.266667,  0.983449,  1,  0.193828,  0.161769,  -0.967606,  -0.0631558,  0.146468,  -0.987197,  -7.9208,  -25.0085,  441.287,  -0.127394,  -0.217388,  0.00137619,  108.794,  109.145,  110.506,  112.957,  117.865,  125.49,  134.901,  145.566,  155.766,  164.417,  170.882,  176.701,  181.212,  184.067,  185.746,  186.681,  186.728,  121.734,  127.423,  135.553,  144.015,  151.309,  163.294,  169.456,  175.593,  181.307,  184.589,  157.678,  158.718,  159.852,  160.973,  150.658,  154.881,  159.024,  162.664,  165.799,  130.911,  135.815,  141.155,  145.431,  141.031,  135.657,  165.297,  169.652,  174.467,  177.829,  174.911,  170.166,  141.995,  149.22,  155.351,  158.906,  162.515,  166.798,  169.815,  166.613,  162.565,  158.693,  154.776,  148.788,  144.681,  155.018,  158.646,  162.291,  167.832,  162.161,  158.488,  154.775,  89.8579,  100.705,  111.586,  122.036,  131.204,  138.755,  144.287,  148.054,  149.165,  148.169,  144.131,  138.489,  130.926,  121.858,  112.138,  102.392,  92.7376,  77.1963,  71.2159,  68.691,  69.1742,  72.0449,  72.2744,  70.2119,  70.4857,  73.3454,  79.2375,  81.8681,  87.414,  92.8131,  98.5166,  106.195,  107.2,  108.121,  107.479,  106.695,  84.6169,  81.6557,  81.8309,  85.1879,  86.1363,  86.0939,  86.03,  82.9118,  83.3454,  86.5206,  87.618,  87.3393,  122.263,  117.605,  115.412,  116.498,  115.808,  118.495,  123.048,  126.708,  127.868,  128.005,  127.621,  126.073,  122.033,  119.514,  119.834,  119.762,  122.802,  122.833,  123.001,  122.643, 0.221979, 0.024726, 0, 0.0141561, 0.689267, 1.82491, 0.00410826, 0, 0.177046, 0.0966605, 0, 0.165262, 0.145362, 0.00338989, 0, 0.429165, 0, 0, 0, 0, 1, 0, 0, 0, 0, 0, 0, 0, 0, 0, 1, 0, 0, 0, 0
6,  0.333333,  0.983293,  1,  0.19427,  0.161422,  -0.967575,  -0.0623225,  0.145616,  -0.987376,  -8.00663,  -24.9638,  439.893,  -0.129335,  -0.218797,  -0.000313122,  108.474,  108.85,  110.249,  112.744,  117.715,  125.421,  134.897,  145.602,  155.822,  164.478,  170.932,  176.729,  181.212,  184.043,  185.708,  186.626,  186.651,  121.488,  127.219,  135.384,  143.869,  151.19,  163.228,  169.379,  175.513,  181.23,  184.52,  157.616,  158.676,  159.833,  160.979,  150.626,  154.861,  159.011,  162.656,  165.788,  130.712,  135.625,  140.993,  145.283,  140.865,  135.464,  165.225,  169.584,  174.416,  177.779,  174.862,  170.103,  141.981,  149.212,  155.34,  158.894,  162.493,  166.766,  169.779,  166.592,  162.556,  158.694,  154.781,  148.796,  144.672,  155.017,  158.642,  162.277,  167.789,  162.153,  158.489,  154.783,  89.8494,  100.765,  111.706,  122.198,  131.386,  138.924,  144.43,  148.163,  149.253,  148.247,  144.182,  138.524,  130.942,  121.856,  112.133,  102.393,  92.7471,  77.0353,  71.0556,  68.5397,  69.0365,  71.9292,  72.1971,  70.1412,  70.4065,  73.2309,  79.1052,  81.7677,  87.3341,  92.7526,  98.4757,  106.194,  107.194,  108.114,  107.468,  106.672,  84.4964,  81.5109,  81.6865,  85.0776,  86.0346,  85.9902,  85.95,  82.8106,  83.2484,  86.454,  87.5543,  87.2696,  122.307,  117.633,  115.432,  116.522,  115.83,  118.525,  123.09,  126.72,  127.874,  128.012,  127.629,  126.093,  122.069,  119.551,  119.869,  119.799,  122.839,  122.821,  122.992,  122.637, 0.335133, 0.024726, 0, 0.094108, 0.674022, 1.64443, 0.00410826, 0, 0.134908, 0.103694, 0, 0.0885139, 0.198684, 0.00338989, 0, 0.570344, 0.00883447, 0, 0, 0, 1, 0, 0, 0, 0, 0, 0, 0, 0, 0, 1, 0, 0, 0, 0
7,  0.4,  0.982987,  1,  0.194303,  0.161627,  -0.967534,  -0.0609678,  0.145159,  -0.987528,  -7.97408,  -24.8149,  438.636,  -0.134623,  -0.220588,  -0.000719359,  108.318,  108.69,  110.094,  112.606,  117.609,  125.343,  134.845,  145.592,  155.837,  164.511,  170.968,  176.76,  181.221,  184.036,  185.695,  186.611,  186.625,  121.465,  127.179,  135.344,  143.839,  151.175,  163.269,  169.411,  175.526,  181.224,  184.49,  157.637,  158.709,  159.878,  161.037,  150.644,  154.892,  159.058,  162.706,  165.834,  130.758,  135.676,  141.041,  145.324,  140.913,  135.513,  165.21,  169.576,  174.405,  177.757,  174.852,  170.096,  141.973,  149.23,  155.382,  158.938,  162.538,  166.8,  169.786,  166.624,  162.603,  158.745,  154.828,  148.823,  144.66,  155.058,  158.684,  162.319,  167.805,  162.195,  158.535,  154.827,  89.8937,  100.872,  111.878,  122.431,  131.662,  139.24,  144.763,  148.473,  149.554,  148.543,  144.463,  138.767,  131.142,  122.024,  112.286,  102.538,  92.8899,  77.0316,  70.9992,  68.4257,  68.8952,  71.7755,  72.0639,  70.0604,  70.3753,  73.2542,  79.1712,  81.708,  87.2776,  92.699,  98.4268,  106.191,  107.189,  108.113,  107.471,  106.683,  84.4715,  81.4811,  81.6629,  85.0486,  86.0016,  85.9542,  85.9642,  82.842,  83.2903,  86.5103,  87.5887,  87.2911,  122.358,  117.648,  115.44,  116.534,  115.85,  118.559,  123.171,  126.784,  127.917,  128.05,  127.668,  126.138,  122.12,  119.566,  119.887,  119.823,  122.914,  122.87,  123.038,  122.682, 0.323991, 0.0218772, 0, 0.132116, 0.70662, 1.64029, 0.0236577, 0, 0.106622, 0.0486146, 0, 0.035623, 0.0990739, 0, 0, 0.596459, 0.027918, 0, 0, 0, 1, 0, 0, 0, 0, 0, 0, 0, 0, 0, 1, 0, 0, 0, 0
8,  0.466667,  0.980603,  1,  0.194434,  0.161608,  -0.967511,  -0.0606432,  0.145132,  -0.987552,  -7.96774,  -24.8054,  438.598,  -0.134886,  -0.221679,  -0.00161411,  108.27,  108.647,  110.059,  112.584,  117.612,  125.371,  134.894,  145.65,  155.892,  164.556,  170.993,  176.764,  181.21,  184.013,  185.664,  186.568,  186.566,  121.459,  127.174,  135.328,  143.811,  151.141,  163.267,  169.39,  175.487,  181.172,  184.437,  157.633,  158.714,  159.894,  161.064,  150.665,  154.916,  159.083,  162.729,  165.852,  130.756,  135.671,  141.034,  145.316,  140.909,  135.511,  165.188,  169.549,  174.376,  177.725,  174.826,  170.075,  141.97,  149.241,  155.406,  158.966,  162.566,  166.829,  169.811,  166.658,  162.639,  158.781,  154.861,  148.84,  144.657,  155.085,  158.714,  162.349,  167.832,  162.227,  158.567,  154.856,  89.915,  100.909,  111.934,  122.501,  131.735,  139.309,  144.819,  148.512,  149.581,  148.561,  144.47,  138.764,  131.132,  122.012,  112.273,  102.527,  92.8838,  77.0188,  70.9988,  68.4285,  68.8954,  71.7694,  72.0567,  70.0561,  70.3668,  73.2309,  79.1295,  81.6956,  87.2706,  92.6972,  98.4302,  106.199,  107.193,  108.116,  107.47,  106.678,  84.469,  81.4769,  81.6572,  85.0412,  85.9933,  85.9472,  85.9515,  82.8277,  83.2718,  86.4904,  87.5672,  87.272,  122.364,  117.651,  115.441,  116.533,  115.847,  118.552,  123.16,  126.791,  127.934,  128.07,  127.69,  126.157,  122.128,  119.57,  119.89,  119.822,  122.909,  122.881,  123.051,  122.699, 0.267423, 0, 0, 0.205983, 0.678084, 1.5561, 0.0529643, 0, 0.100269, 0.00703369, 0, 0, 0.0533222, 0.007949, 0, 0.613917, 0.034546, 0, 0, 0, 1, 0, 0, 0, 0, 0, 0, 0, 0, 0, 1, 0, 0, 0, 0
9,  0.533333,  0.979916,  1,  0.19426,  0.161229,  -0.96761,  -0.0607933,  0.144731,  -0.987602,  -7.9891,  -24.766,  438.444,  -0.134652,  -0.220665,  -0.00151244,  108.268,  108.641,  110.05,  112.564,  117.579,  125.327,  134.849,  145.618,  155.879,  164.562,  171.014,  176.793,  181.24,  184.043,  185.694,  186.598,  186.594,  121.439,  127.147,  135.295,  143.775,  151.104,  163.254,  169.385,  175.493,  181.188,  184.453,  157.618,  158.697,  159.874,  161.04,  150.636,  154.892,  159.063,  162.711,  165.839,  130.75,  135.662,  141.024,  145.306,  140.899,  135.502,  165.178,  169.543,  174.372,  177.727,  174.823,  170.069,  141.903,  149.187,  155.371,  158.941,  162.554,  166.831,  169.828,  166.661,  162.629,  158.757,  154.825,  148.785,  144.59,  155.049,  158.689,  162.337,  167.845,  162.215,  158.542,  154.821,  89.939,  100.927,  111.945,  122.51,  131.748,  139.332,  144.856,  148.559,  149.63,  148.606,  144.51,  138.797,  131.162,  122.035,  112.284,  102.524,  92.8677,  77.0638,  71.0411,  68.4718,  68.9442,  71.822,  72.1105,  70.1,  70.4046,  73.2696,  79.1722,  81.7092,  87.2861,  92.716,  98.4526,  106.212,  107.208,  108.133,  107.485,  106.693,  84.467,  81.4726,  81.6541,  85.0454,  85.9898,  85.9427,  85.9527,  82.8202,  83.2622,  86.4827,  87.5581,  87.2643,  122.366,  117.655,  115.45,  116.542,  115.855,  118.556,  123.162,  126.811,  127.957,  128.093,  127.712,  126.172,  122.133,  119.578,  119.898,  119.829,  122.914,  122.902,  123.073,  122.718, 0.195433, 0, 0, 0.141616, 0.660732, 1.51912, 0.0587542, 0, 0.0965584, 0, 0, 0, 0, 0.007949, 0.0158675, 0.560811, 0.039881, 0, 0, 0, 1, 0, 0, 0, 0, 0, 0, 0, 0, 0, 1, 0, 0, 0, 0
10,  0.6,  0.979237,  1,  0.194568,  0.160348,  -0.967694,  -0.0610189,  0.143821,  -0.987721,  -8.01651,  -24.7499,  438.706,  -0.1377,  -0.221499,  -0.00116527,  108.284,  108.658,  110.069,  112.583,  117.589,  125.327,  134.836,  145.591,  155.832,  164.491,  170.929,  176.706,  181.168,  183.986,  185.643,  186.551,  186.554,  121.435,  127.158,  135.31,  143.787,  151.11,  163.244,  169.367,  175.466,  181.158,  184.441,  157.605,  158.687,  159.866,  161.035,  150.643,  154.89,  159.054,  162.696,  165.82,  130.718,  135.639,  141.007,  145.296,  140.883,  135.48,  165.169,  169.532,  174.363,  177.72,  174.819,  170.062,  141.922,  149.206,  155.381,  158.936,  162.533,  166.801,  169.796,  166.633,  162.607,  158.749,  154.833,  148.8,  144.613,  155.056,  158.682,  162.314,  167.815,  162.192,  158.534,  154.826,  90.0177,  100.981,  111.98,  122.525,  131.747,  139.313,  144.816,  148.502,  149.579,  148.585,  144.546,  138.887,  131.287,  122.18,  112.437,  102.68,  93.0258,  77.082,  71.0748,  68.5194,  68.9883,  71.8586,  72.1425,  70.1421,  70.4565,  73.3243,  79.2253,  81.7442,  87.2922,  92.6921,  98.3996,  106.192,  107.183,  108.102,  107.466,  106.687,  84.527,  81.5289,  81.7109,  85.1017,  86.0487,  86.001,  86.0164,  82.8857,  83.3337,  86.5615,  87.634,  87.3356,  122.364,  117.64,  115.423,  116.515,  115.833,  118.555,  123.182,  126.797,  127.922,  128.052,  127.671,  126.143,  122.128,  119.552,  119.872,  119.81,  122.926,  122.874,  123.036,  122.682, 0.160749, 0, 0, 0.103608, 0.605999, 1.37633, 0.0392048, 0, 0.0965918, 0, 0, 0.00541868, 0, 0.0482474, 0.0158675, 0.581219, 0.0207975, 0, 0, 0, 1, 0, 0, 0, 0, 0, 0, 0, 0, 0, 1, 0, 0, 0, 0
11,  0.666667,  0.979563,  1,  0.195218,  0.16013,  -0.967599,  -0.0616197,  0.144121,  -0.98764,  -8.06035,  -24.7584,  438.61,  -0.136604,  -0.220831,  -0.00186249,  108.222,  108.614,  110.035,  112.557,  117.561,  125.299,  134.815,  145.573,  155.82,  164.485,  170.932,  176.729,  181.206,  184.033,  185.685,  186.585,  186.583,  121.336,  127.071,  135.227,  143.712,  151.05,  163.212,  169.343,  175.452,  181.159,  184.464,  157.568,  158.648,  159.828,  160.997,  150.615,  154.861,  159.023,  162.666,  165.795,  130.616,  135.549,  140.928,  145.232,  140.808,  135.393,  165.156,  169.522,  174.362,  177.735,  174.824,  170.056,  141.895,  149.175,  155.362,  158.912,  162.502,  166.78,  169.785,  166.613,  162.578,  158.722,  154.808,  148.765,  144.588,  155.037,  158.659,  162.285,  167.798,  162.162,  158.508,  154.803,  90.0536,  101.005,  111.989,  122.518,  131.73,  139.286,  144.779,  148.463,  149.533,  148.522,  144.473,  138.81,  131.211,  122.097,  112.356,  102.606,  92.9561,  77.1128,  71.1165,  68.5631,  69.0219,  71.8758,  72.1473,  70.1497,  70.4528,  73.3045,  79.1891,  81.7552,  87.2865,  92.6684,  98.3589,  106.172,  107.158,  108.07,  107.433,  106.653,  84.5681,  81.5662,  81.7396,  85.128,  86.0827,  86.041,  86.0147,  82.8766,  83.3224,  86.5445,  87.6255,  87.3331,  122.378,  117.628,  115.387,  116.474,  115.787,  118.521,  123.164,  126.809,  127.95,  128.086,  127.71,  126.179,  122.137,  119.529,  119.842,  119.778,  122.909,  122.884,  123.049,  122.701, 0.114497, 0, 0, 0.0155855, 0.619799, 1.36975, 0.00578989, 0, 0.0788709, 0, 0, 0.0284564, 0, 0.0402984, 0.0158675, 0.594462, 0.0280857, 0, 0, 0, 1, 0, 0, 0, 0, 0, 0, 0, 0, 0, 1, 0, 0, 0, 0
12,  0.733333,  0.981024,  1,  0.195042,  0.160428,  -0.967585,  -0.0601858,  0.144488,  -0.987674,  -8.1073,  -24.6915,  438.602,  -0.137629,  -0.224205,  -0.00377618,  108.133,  108.524,  109.949,  112.474,  117.501,  125.262,  134.806,  145.617,  155.888,  164.548,  170.956,  176.699,  181.125,  183.91,  185.533,  186.404,  186.367,  121.327,  127.044,  135.185,  143.659,  150.982,  163.104,  169.207,  175.286,  180.965,  184.245,  157.506,  158.62,  159.832,  161.034,  150.639,  154.89,  159.055,  162.688,  165.801,  130.642,  135.551,  140.907,  145.195,  140.799,  135.409,  165.037,  169.379,  174.194,  177.548,  174.662,  169.923,  141.913,  149.218,  155.405,  158.961,  162.552,  166.814,  169.794,  166.666,  162.656,  158.803,  154.888,  148.83,  144.606,  155.089,  158.714,  162.34,  167.822,  162.223,  158.571,  154.864,  90.1178,  101.077,  112.077,  122.624,  131.849,  139.42,  144.926,  148.611,  149.673,  148.651,  144.582,  138.891,  131.27,  122.142,  112.38,  102.606,  92.9388,  77.1698,  71.1693,  68.6077,  69.0631,  71.9153,  72.1695,  70.1576,  70.4563,  73.3072,  79.1882,  81.7607,  87.2928,  92.678,  98.3733,  106.214,  107.193,  108.1,  107.456,  106.668,  84.5965,  81.5947,  81.7627,  85.1347,  86.0858,  86.0514,  86,  82.8662,  83.3024,  86.5144,  87.5865,  87.2994,  122.435,  117.693,  115.465,  116.547,  115.857,  118.563,  123.181,  126.82,  127.96,  128.1,  127.729,  126.211,  122.195,  119.588,  119.897,  119.826,  122.933,  122.917,  123.089,  122.745, 0.0618951, 0, 0, 0, 0.639775, 1.34182, 0, 0, 0.050975, 0, 0, 0.0284564, 0.00192675, 0.0402984, 0.0653031, 0.462933, 0.016117, 0, 0, 0, 1, 0, 0, 0, 0, 0, 0, 0, 0, 0, 1, 0, 0, 0, 0
13,  0.8,  0.981477,  1,  0.195121,  0.160913,  -0.967489,  -0.0601987,  0.145167,  -0.987574,  -8.10629,  -24.6508,  438.291,  -0.135787,  -0.225733,  -0.00383993,  108.099,  108.489,  109.907,  112.421,  117.444,  125.207,  134.758,  145.582,  155.863,  164.527,  170.934,  176.674,  181.105,  183.892,  185.517,  186.381,  186.335,  121.287,  127.002,  135.151,  143.637,  150.967,  163.088,  169.191,  175.269,  180.949,  184.233,  157.505,  158.631,  159.853,  161.065,  150.643,  154.904,  159.076,  162.712,  165.828,  130.617,  135.532,  140.887,  145.181,  140.782,  135.393,  165.036,  169.38,  174.195,  177.549,  174.662,  169.924,  141.888,  149.209,  155.417,  158.991,  162.599,  166.868,  169.836,  166.716,  162.699,  158.828,  154.894,  148.814,  144.586,  155.097,  158.741,  162.384,  167.864,  162.264,  158.593,  154.867,  90.0776,  101.038,  112.039,  122.591,  131.828,  139.414,  144.948,  148.667,  149.742,  148.713,  144.618,  138.905,  131.268,  122.123,  112.342,  102.553,  92.8729,  77.1539,  71.1485,  68.5861,  69.0464,  71.9085,  72.1708,  70.1424,  70.4296,  73.2674,  79.1361,  81.7601,  87.2955,  92.6846,  98.3837,  106.232,  107.214,  108.123,  107.474,  106.682,  84.5845,  81.5852,  81.7528,  85.1244,  86.074,  86.0395,  85.9837,  82.8496,  83.2837,  86.489,  87.5646,  87.2803,  122.471,  117.722,  115.493,  116.577,  115.884,  118.588,  123.21,  126.897,  128.062,  128.207,  127.833,  126.293,  122.233,  119.627,  119.937,  119.865,  122.967,  122.999,  123.176,  122.828, 0, 0, 0, 0, 0.648063, 1.31003, 0.014489, 0.00454909, 0.0357559, 0, 0, 0.0250571, 0.00192675, 0.00830303, 0.175576, 0.256713, 0.0392667, 0, 0, 0, 1, 0, 0, 0, 0, 0, 0, 0, 0, 0, 1, 0, 0, 0, 0
14,  0.866667,  0.983481,  1,  0.195324,  0.16115,  -0.967408,  -0.0600067,  0.146229,  -0.987429,  -8.09807,  -24.6313,  437.818,  -0.135278,  -0.226768,  -0.00632081,  108.015,  108.43,  109.869,  112.394,  117.427,  125.197,  134.767,  145.634,  155.952,  164.631,  171.032,  176.754,  181.165,  183.925,  185.523,  186.361,  186.288,  121.176,  126.866,  135.021,  143.53,  150.88,  162.983,  169.093,  175.18,  180.871,  184.162,  157.435,  158.585,  159.831,  161.067,  150.643,  154.916,  159.101,  162.738,  165.855,  130.564,  135.47,  140.82,  145.121,  140.732,  135.35,  164.976,  169.309,  174.119,  177.481,  174.597,  169.864,  141.917,  149.254,  155.467,  159.051,  162.666,  166.944,  169.92,  166.821,  162.811,  158.933,  154.993,  148.889,  144.62,  155.158,  158.809,  162.46,  167.952,  162.354,  158.676,  154.943,  90.1417,  101.092,  112.081,  122.627,  131.862,  139.453,  144.996,  148.727,  149.795,  148.746,  144.632,  138.898,  131.24,  122.075,  112.266,  102.45,  92.7476,  77.2411,  71.1976,  68.6005,  69.0402,  71.8918,  72.1172,  70.0559,  70.3261,  73.1657,  79.0452,  81.7312,  87.2669,  92.6561,  98.3567,  106.245,  107.22,  108.12,  107.456,  106.652,  84.6245,  81.6165,  81.7683,  85.122,  86.0808,  86.0634,  85.9184,  82.7761,  83.1969,  86.3866,  87.4681,  87.1979,  122.527,  117.777,  115.541,  116.616,  115.909,  118.587,  123.182,  126.878,  128.056,  128.214,  127.852,  126.331,  122.285,  119.668,  119.968,  119.881,  122.947,  123.002,  123.191,  122.852, 0, 0, 0, 0, 0.666459, 1.27506, 0.014489, 0.00454909, 0.0263799, 0, 0, 0.101048, 0.00192675, 0.00830303, 0.262773, 0.0897542, 0.0253504, 0, 0, 0, 1, 0, 0, 0, 1, 0, 0, 0, 0, 0, 1, 0, 0, 0, 0
15,  0.933333,  0.983594,  1,  0.195098,  0.161071,  -0.967467,  -0.0607028,  0.146255,  -0.987383,  -8.13767,  -24.7025,  438.351,  -0.133926,  -0.225734,  -0.00550482,  108.079,  108.49,  109.924,  112.442,  117.463,  125.219,  134.773,  145.615,  155.911,  164.575,  170.974,  176.702,  181.132,  183.91,  185.523,  186.374,  186.318,  121.196,  126.878,  135.023,  143.522,  150.866,  162.973,  169.087,  175.179,  180.875,  184.175,  157.412,  158.553,  159.789,  161.013,  150.615,  154.879,  159.054,  162.69,  165.81,  130.56,  135.462,  140.812,  145.11,  140.722,  135.341,  164.975,  169.303,  174.116,  177.48,  174.592,  169.857,  141.908,  149.227,  155.424,  159.006,  162.621,  166.905,  169.89,  166.779,  162.763,  158.886,  154.948,  148.859,  144.612,  155.115,  158.764,  162.415,  167.92,  162.307,  158.63,  154.898,  90.1025,  101.021,  111.975,  122.493,  131.705,  139.285,  144.831,  148.58,  149.662,  148.628,  144.54,  138.841,  131.213,  122.072,  112.269,  102.454,  92.7471,  77.2268,  71.1956,  68.6093,  69.0513,  71.9,  72.1285,  70.0608,  70.3289,  73.1624,  79.03,  81.7438,  87.2778,  92.6643,  98.361,  106.236,  107.212,  108.11,  107.447,  106.645,  84.6223,  81.6153,  81.7674,  85.1249,  86.0861,  86.0677,  85.917,  82.7712,  83.1921,  86.3816,  87.4691,  87.2004,  122.497,  117.764,  115.533,  116.607,  115.9,  118.576,  123.157,  126.856,  128.037,  128.194,  127.829,  126.304,  122.256,  119.656,  119.958,  119.868,  122.922,  122.983,  123.17,  122.829, 0, 0, 0, 0, 0.615335, 1.14349, 0.0182949, 0.0165667, 0.0354298, 0, 0, 0.21346, 0, 0.0206592, 0.233055, 0.0841142, 0.0231497, 0, 0, 0, 1, 0, 0, 0, 1, 0, 0, 0, 0, 0, 1, 0, 0, 0, 0
16,  1,  0.984631,  1,  0.195332,  0.161348,  -0.967374,  -0.0602553,  0.14652,  -0.987371,  -8.1125,  -24.6804,  437.989,  -0.133774,  -0.22609,  -0.00654901,  107.99,  108.421,  109.875,  112.411,  117.456,  125.233,  134.807,  145.665,  155.973,  164.647,  171.046,  176.767,  181.175,  183.931,  185.531,  186.374,  186.305,  121.149,  126.824,  134.981,  143.499,  150.865,  162.952,  169.065,  175.161,  180.863,  184.158,  157.421,  158.568,  159.811,  161.043,  150.631,  154.902,  159.085,  162.723,  165.843,  130.57,  135.471,  140.819,  145.117,  140.733,  135.353,  164.966,  169.295,  174.106,  177.47,  174.582,  169.849,  141.927,  149.248,  155.453,  159.036,  162.652,  166.933,  169.915,  166.812,  162.802,  158.924,  154.984,  148.888,  144.627,  155.147,  158.797,  162.449,  167.944,  162.345,  158.667,  154.935,  90.11,  101.058,  112.036,  122.571,  131.795,  139.378,  144.919,  148.65,  149.716,  148.661,  144.545,  138.816,  131.166,  122.013,  112.21,  102.399,  92.6983,  77.2744,  71.2106,  68.598,  69.0347,  71.8872,  72.1188,  70.049,  70.3123,  73.1458,  79.0238,  81.7194,  87.2595,  92.6517,  98.3549,  106.236,  107.209,  108.107,  107.44,  106.631,  84.6059,  81.5987,  81.7477,  85.103,  86.0629,  86.0474,  85.8907,  82.7436,  83.1625,  86.3502,  87.4365,  87.169,  122.512,  117.773,  115.54,  116.614,  115.903,  118.574,  123.155,  126.858,  128.043,  128.204,  127.843,  126.32,  122.269,  119.661,  119.962,  119.87,  122.922,  122.987,  123.179,  122.841, 0, 0, 0, 0, 0.624323, 1.13453, 0.00380585, 0.0120176, 0.0399873, 0, 0, 0.339764, 0, 0.0177185, 0.208538, 0.140914, 0, 0, 0, 0, 1, 0, 0, 0, 1, 0, 0, 0, 0, 0, 1, 0, 0, 0, 0
17,  1.06667,  0.98461,  1,  0.195362,  0.161057,  -0.967416,  -0.0605527,  0.146232,  -0.987395,  -8.12313,  -24.6875,  438.093,  -0.134405,  -0.226316,  -0.00633003,  108.009,  108.44,  109.895,  112.434,  117.48,  125.254,  134.819,  145.658,  155.949,  164.607,  170.994,  176.712,  181.132,  183.903,  185.514,  186.363,  186.298,  121.148,  126.826,  134.978,  143.49,  150.852,  162.963,  169.072,  175.162,  180.862,  184.162,  157.417,  158.564,  159.806,  161.038,  150.628,  154.898,  159.082,  162.72,  165.84,  130.56,  135.464,  140.814,  145.113,  140.728,  135.345,  164.969,  169.294,  174.107,  177.473,  174.586,  169.851,  141.923,  149.245,  155.449,  159.028,  162.64,  166.917,  169.901,  166.798,  162.789,  158.916,  154.979,  148.883,  144.625,  155.143,  158.788,  162.436,  167.933,  162.332,  158.659,  154.929,  90.1156,  101.065,  112.045,  122.58,  131.797,  139.37,  144.897,  148.616,  149.682,  148.641,  144.552,  138.848,  131.214,  122.069,  112.264,  102.446,  92.7382,  77.2606,  71.2055,  68.5985,  69.0306,  71.8719,  72.105,  70.0442,  70.3105,  73.1413,  79.0137,  81.7104,  87.2556,  92.6523,  98.3591,  106.232,  107.205,  108.103,  107.436,  106.629,  84.6029,  81.5929,  81.742,  85.0987,  86.0587,  86.0433,  85.8871,  82.738,  83.1572,  86.3484,  87.4339,  87.1659,  122.509,  117.778,  115.544,  116.616,  115.907,  118.58,  123.156,  126.854,  128.035,  128.195,  127.834,  126.313,  122.267,  119.66,  119.96,  119.869,  122.925,  122.982,  123.172,  122.834, 0.0106515, 0, 0, 0, 0.590266, 1.06302, 0.00380585, 0.0120176, 0.0448322, 0, 0, 0.305058, 0, 0.0177185, 0.233155, 0.193604, 0, 0, 0, 0, 1, 0, 0, 0, 1, 0, 0, 0, 0, 0, 1, 0, 0, 0, 0
18,  1.13333,  0.985062,  1,  0.195293,  0.162673,  -0.96716,  -0.0612577,  0.148804,  -0.986968,  -8.0595,  -24.7619,  437.943,  -0.127839,  -0.22458,  -0.00668129,  108.083,  108.515,  109.964,  112.493,  117.516,  125.27,  134.824,  145.662,  155.962,  164.639,  171.052,  176.795,  181.234,  184.02,  185.634,  186.49,  186.434,  121.146,  126.816,  134.972,  143.487,  150.855,  162.977,  169.108,  175.22,  180.95,  184.283,  157.429,  158.571,  159.805,  161.029,  150.625,  154.9,  159.091,  162.737,  165.869,  130.544,  135.453,  140.807,  145.121,  140.724,  135.338,  165.041,  169.379,  174.199,  177.58,  174.68,  169.935,  141.933,  149.249,  155.453,  159.039,  162.662,  166.955,  169.966,  166.842,  162.817,  158.93,  154.985,  148.888,  144.639,  155.145,  158.8,  162.46,  167.993,  162.357,  158.67,  154.931,  89.9707,  100.917,  111.893,  122.431,  131.675,  139.282,  144.848,  148.609,  149.672,  148.595,  144.451,  138.691,  131.014,  121.825,  111.973,  102.104,  92.3417,  77.2622,  71.2031,  68.6056,  69.0461,  71.8799,  72.07,  69.9625,  70.1758,  72.9608,  78.8084,  81.6722,  87.2509,  92.6837,  98.4263,  106.244,  107.227,  108.128,  107.444,  106.619,  84.5851,  81.5825,  81.7208,  85.0595,  86.0339,  86.0293,  85.7795,  82.6214,  83.0232,  86.1822,  87.2973,  87.0483,  122.512,  117.803,  115.573,  116.641,  115.917,  118.562,  123.091,  126.837,  128.048,  128.22,  127.865,  126.34,  122.272,  119.685,  119.981,  119.877,  122.872,  122.984,  123.187,  122.853, 0.0183424, 0, 0, 0, 0.630176, 1.11286, 0, 0, 0.0475675, 0, 0, 0.337153, 0.0304987, 0.0219472, 0.305328, 0.132181, 0, 0, 0, 0, 1, 0, 0, 0, 1, 0, 0, 0, 0, 0, 1, 0, 0, 0, 0
19,  1.2,  0.985554,  1,  0.195243,  0.162943,  -0.967125,  -0.0611815,  0.14908,  -0.986931,  -8.06059,  -24.7242,  437.688,  -0.128038,  -0.224409,  -0.00672248,  108.068,  108.499,  109.947,  112.48,  117.508,  125.264,  134.813,  145.65,  155.949,  164.627,  171.044,  176.791,  181.238,  184.032,  185.65,  186.51,  186.455,  121.126,  126.798,  134.953,  143.463,  150.83,  162.986,  169.118,  175.23,  180.963,  184.305,  157.425,  158.567,  159.802,  161.026,  150.618,  154.895,  159.088,  162.736,  165.87,  130.526,  135.437,  140.794,  145.113,  140.712,  135.323,  165.048,  169.392,  174.215,  177.599,  174.696,  169.949,  141.918,  149.239,  155.448,  159.035,  162.658,  166.954,  169.968,  166.842,  162.814,  158.925,  154.979,  148.878,  144.625,  155.139,  158.795,  162.456,  167.995,  162.352,  158.665,  154.924,  89.9578,  100.916,  111.906,  122.458,  131.718,  139.343,  144.927,  148.695,  149.758,  148.677,  144.523,  138.746,  131.051,  121.841,  111.97,  102.081,  92.2999,  77.2736,  71.2134,  68.6171,  69.0573,  71.8825,  72.0711,  69.9702,  70.1821,  72.9618,  78.8051,  81.6638,  87.242,  92.6759,  98.4203,  106.244,  107.227,  108.13,  107.445,  106.62,  84.5894,  81.5876,  81.7247,  85.0576,  86.0354,  86.0324,  85.7764,  82.6218,  83.0243,  86.1805,  87.2966,  87.0467,  122.529,  117.817,  115.585,  116.653,  115.928,  118.575,  123.107,  126.86,  128.07,  128.243,  127.888,  126.362,  122.291,  119.696,  119.993,  119.888,  122.889,  123.004,  123.208,  122.874, 0.0183424, 0, 0, 0, 0.62322, 1.06159, 0, 0, 0.0332881, 0, 0, 0.376055, 0.0304987, 0.0165849, 0.321956, 0.137161, 0, 0, 0, 0, 1, 0, 0, 0, 1, 0, 0, 0, 0, 0, 1, 0, 0, 0, 0
20,  1.26667,  0.985337,  1,  0.195548,  0.163335,  -0.966997,  -0.0605509,  0.149516,  -0.986903,  -8.08131,  -24.659,  436.824,  -0.129437,  -0.225251,  -0.00799208,  107.907,  108.347,  109.807,  112.361,  117.422,  125.216,  134.799,  145.665,  155.985,  164.675,  171.092,  176.834,  181.267,  184.048,  185.651,  186.495,  186.424,  121.01,  126.69,  134.858,  143.381,  150.761,  162.957,  169.09,  175.202,  180.936,  184.276,  157.39,  158.547,  159.797,  161.035,  150.599,  154.889,  159.095,  162.748,  165.882,  130.435,  135.351,  140.713,  145.043,  140.636,  135.242,  165.013,  169.365,  174.191,  177.578,  174.674,  169.924,  141.894,  149.234,  155.457,  159.052,  162.682,  166.981,  169.991,  166.876,  162.851,  158.957,  155.003,  148.884,  144.605,  155.152,  158.815,  162.482,  168.016,  162.383,  158.69,  154.943,  89.9962,  100.983,  112.001,  122.576,  131.854,  139.488,  145.077,  148.843,  149.899,  148.801,  144.615,  138.804,  131.078,  121.841,  111.956,  102.063,  92.2832,  77.2598,  71.1866,  68.5782,  69.0159,  71.8432,  72.031,  69.935,  70.1488,  72.9316,  78.7834,  81.6307,  87.2098,  92.6449,  98.3921,  106.24,  107.222,  108.125,  107.434,  106.606,  84.5784,  81.5748,  81.7079,  85.0342,  86.0157,  86.0164,  85.7528,  82.6051,  83.0092,  86.1632,  87.2743,  87.0227,  122.557,  117.819,  115.579,  116.647,  115.919,  118.568,  123.118,  126.874,  128.089,  128.265,  127.912,  126.389,  122.316,  119.703,  119.997,  119.891,  122.898,  123.011,  123.219,  122.887, 0.0345746, 0, 0, 0, 0.626026, 1.02427, 0, 0, 0.0152524, 0.0112033, 0, 0.493903, 0.0304987, 0.0176622, 0.279455, 0.0681023, 0, 0, 0, 0, 1, 0, 0, 0, 1, 0, 0, 0, 0, 0, 1, 0, 0, 0, 0
21,  1.33333,  0.985345,  1,  0.195664,  0.163354,  -0.96697,  -0.06067,  0.149807,  -0.986852,  -8.10882,  -24.7025,  436.87,  -0.12986,  -0.225645,  -0.00838087,  107.898,  108.342,  109.808,  112.372,  117.444,  125.244,  134.822,  145.678,  155.981,  164.652,  171.054,  176.789,  181.23,  184.018,  185.623,  186.466,  186.396,  120.994,  126.667,  134.834,  143.358,  150.734,  162.924,  169.054,  175.166,  180.9,  184.247,  157.353,  158.514,  159.767,  161.009,  150.584,  154.873,  159.077,  162.729,  165.864,  130.4,  135.316,  140.681,  145.015,  140.606,  135.211,  164.993,  169.338,  174.166,  177.555,  174.655,  169.903,  141.903,  149.237,  155.45,  159.044,  162.669,  166.969,  169.979,  166.869,  162.845,  158.955,  155.004,  148.892,  144.618,  155.146,  158.808,  162.471,  168.006,  162.371,  158.683,  154.936,  90.0069,  100.986,  111.999,  122.569,  131.834,  139.454,  145.03,  148.791,  149.846,  148.76,  144.596,  138.807,  131.091,  121.858,  111.965,  102.058,  92.2634,  77.2155,  71.1364,  68.5229,  68.952,  71.7752,  71.945,  69.8363,  70.0499,  72.8388,  78.6985,  81.5993,  87.1852,  92.6259,  98.3776,  106.227,  107.209,  108.109,  107.418,  106.59,  84.5813,  81.5721,  81.7027,  85.024,  86.0141,  86.0182,  85.7239,  82.5737,  82.9738,  86.127,  87.2439,  86.9965,  122.557,  117.816,  115.569,  116.634,  115.906,  118.556,  123.106,  126.863,  128.077,  128.253,  127.9,  126.381,  122.314,  119.694,  119.986,  119.878,  122.886,  123.003,  123.21,  122.879, 0.0268837, 0, 0, 0, 0.617428, 0.976716, 0, 0, 0.00948958, 0.031622, 0, 0.489285, 0.00385585, 0.0238019, 0.246738, 0.163908, 0, 0, 0, 0, 1, 0, 0, 0, 1, 0, 0, 0, 0, 0, 1, 0, 0, 0, 0
22,  1.4,  0.984981,  1,  0.195974,  0.162921,  -0.96698,  -0.0608657,  0.149382,  -0.986904,  -8.16488,  -24.6888,  436.271,  -0.132705,  -0.225463,  -0.00866911,  107.803,  108.256,  109.731,  112.311,  117.406,  125.225,  134.809,  145.659,  155.961,  164.626,  171.022,  176.763,  181.222,  184.024,  185.631,  186.464,  186.387,  120.873,  126.569,  134.758,  143.305,  150.698,  162.891,  169.032,  175.159,  180.905,  184.253,  157.319,  158.484,  159.744,  160.993,  150.548,  154.841,  159.051,  162.707,  165.847,  130.276,  135.205,  140.581,  144.934,  140.511,  135.103,  164.966,  169.318,  174.155,  177.555,  174.647,  169.885,  141.837,  149.183,  155.419,  159.014,  162.636,  166.95,  169.963,  166.845,  162.804,  158.912,  154.959,  148.827,  144.556,  155.115,  158.776,  162.437,  167.984,  162.332,  158.643,  154.895,  90.0618,  101.046,  112.064,  122.636,  131.895,  139.506,  145.072,  148.825,  149.882,  148.801,  144.647,  138.868,  131.156,  121.924,  112.034,  102.135,  92.3481,  77.18,  71.0963,  68.4788,  68.8993,  71.7237,  71.8963,  69.8001,  70.0324,  72.8479,  78.7342,  81.5439,  87.0967,  92.5031,  98.2237,  106.137,  107.114,  108.01,  107.328,  106.509,  84.5642,  81.5505,  81.678,  84.9978,  85.9878,  85.994,  85.7061,  82.5618,  82.9719,  86.135,  87.2409,  86.9853,  122.551,  117.772,  115.504,  116.569,  115.845,  118.526,  123.117,  126.901,  128.123,  128.295,  127.94,  126.405,  122.305,  119.634,  119.926,  119.825,  122.893,  123.037,  123.239,  122.906, 0.0672623, 0, 0, 0, 0.541001, 0.935618, 0, 0, 0.0299408, 0.0321358, 0.0906854, 0.530127, 0.0235963, 0.18513, 0.151991, 0.0958053, 0.143911, 0, 0, 0, 1, 0, 0, 0, 1, 0, 0, 0, 0, 0, 1, 0, 0, 0, 0
23,  1.46667,  0.976987,  1,  0.20313,  0.153054,  -0.967116,  -0.061083,  0.143413,  -0.987776,  -8.99559,  -23.7512,  433.748,  -0.171338,  -0.222975,  -0.0198979,  106.796,  107.427,  109.04,  111.795,  117.052,  125.109,  134.878,  145.752,  155.983,  164.501,  170.806,  176.58,  181.137,  183.969,  185.439,  186.126,  185.988,  119.331,  125.177,  133.55,  142.291,  149.878,  162.3,  168.493,  174.704,  180.522,  183.992,  156.548,  157.786,  159.127,  160.463,  150.03,  154.344,  158.573,  162.234,  165.39,  128.724,  133.76,  139.288,  143.842,  139.272,  133.723,  164.392,  168.797,  173.734,  177.268,  174.298,  169.422,  141.439,  148.892,  155.11,  158.659,  162.199,  166.575,  169.74,  166.565,  162.528,  158.712,  154.829,  148.645,  144.201,  154.847,  158.457,  162.046,  167.735,  161.992,  158.389,  154.693,  92.1334,  102.933,  113.761,  124.126,  133.076,  140.267,  145.357,  148.778,  149.757,  148.815,  145.018,  139.659,  132.226,  123.129,  113.409,  103.743,  94.1888,  77.8466,  71.7137,  68.9804,  69.2198,  71.9497,  71.974,  69.9807,  70.3808,  73.3946,  79.4866,  82.121,  87.4035,  92.5235,  97.9696,  106.346,  107.266,  108.084,  107.453,  106.713,  85.7624,  82.6826,  82.7374,  85.9831,  87.0707,  87.1419,  86.6123,  83.5509,  84.0163,  87.2164,  88.2794,  87.9937,  122.839,  117.951,  115.531,  116.569,  115.852,  118.663,  123.377,  126.734,  127.758,  127.903,  127.584,  126.278,  122.544,  119.745,  120.015,  119.925,  123.071,  122.682,  122.838,  122.557, 0.0533219, 0, 0, 0, 0.464208, 0.877427, 0, 0, 0.044502, 0.0209326, 0.357851, 0.846591, 0.0235963, 0.335472, 0.0826793, 0.0958053, 0.234681, 0, 0, 0, 1, 0, 0, 0, 1, 0, 0, 0, 0, 0, 1, 0, 0, 0, 0
24,  1.53333,  0.972584,  1,  0.201398,  0.155304,  -0.967119,  -0.0614438,  0.143563,  -0.987732,  -9.20975,  -24.4116,  435.375,  -0.159942,  -0.215774,  -0.0123758,  107.087,  107.637,  109.166,  111.782,  116.853,  124.733,  134.404,  145.279,  155.587,  164.244,  170.68,  176.513,  181.057,  183.892,  185.428,  186.205,  186.127,  119.725,  125.537,  133.826,  142.465,  149.983,  162.35,  168.556,  174.771,  180.589,  184.039,  156.605,  157.748,  158.993,  160.23,  149.771,  154.103,  158.356,  162.049,  165.229,  129.109,  134.113,  139.59,  144.056,  139.525,  134.021,  164.402,  168.821,  173.737,  177.246,  174.262,  169.411,  141.039,  148.498,  154.745,  158.321,  161.925,  166.3,  169.516,  166.257,  162.199,  158.329,  154.408,  148.219,  143.766,  154.468,  158.113,  161.761,  167.507,  161.706,  158.043,  154.315,  91.2495,  102.106,  112.99,  123.417,  132.478,  139.8,  144.987,  148.42,  149.392,  148.433,  144.604,  139.189,  131.729,  122.631,  112.91,  103.224,  93.6524,  77.5264,  71.4297,  68.7482,  69.0549,  71.8103,  71.9101,  69.9331,  70.2957,  73.2466,  79.2767,  81.8734,  87.2998,  92.5696,  98.1578,  106.202,  107.156,  108.018,  107.366,  106.596,  85.1945,  82.1505,  82.2526,  85.5517,  86.5694,  86.5961,  86.2751,  83.1787,  83.6253,  86.8237,  87.8842,  87.6055,  122.399,  117.633,  115.316,  116.365,  115.655,  118.391,  123.017,  126.329,  127.323,  127.466,  127.144,  125.844,  122.139,  119.463,  119.749,  119.657,  122.734,  122.32,  122.482,  122.196, 0.0615873, 0.0603988, 0, 0, 0.376263, 0.746725, 0, 0, 0.0384797, 0.000513822, 0.665258, 1.09116, 0.0710843, 0.438014, 0.00763764, 0, 0.322228, 0, 0, 0, 1, 0, 0, 0, 1, 0, 0, 0, 0, 0, 1, 0, 0, 0, 0
25,  1.6,  0.972484,  1,  0.201186,  0.156156,  -0.967026,  -0.0617883,  0.144314,  -0.987601,  -9.20157,  -24.5041,  436.003,  -0.15593,  -0.214264,  -0.0110172,  107.204,  107.736,  109.243,  111.834,  116.875,  124.722,  134.364,  145.217,  155.529,  164.209,  170.679,  176.54,  181.095,  183.933,  185.473,  186.259,  186.195,  119.836,  125.647,  133.92,  142.539,  150.038,  162.393,  168.606,  174.823,  180.638,  184.081,  156.639,  157.763,  158.988,  160.204,  149.772,  154.091,  158.329,  162.02,  165.2,  129.187,  134.184,  139.653,  144.103,  139.579,  134.084,  164.437,  168.858,  173.769,  177.273,  174.284,  169.437,  141.041,  148.481,  154.713,  158.287,  161.891,  166.266,  169.483,  166.211,  162.146,  158.275,  154.357,  148.187,  143.762,  154.433,  158.075,  161.724,  167.472,  161.666,  158.001,  154.276,  91.1115,  101.955,  112.825,  123.242,  132.305,  139.642,  144.853,  148.322,  149.308,  148.337,  144.48,  139.036,  131.56,  122.455,  112.741,  103.066,  93.5025,  77.4764,  71.4079,  68.7481,  69.071,  71.832,  71.9371,  69.9564,  70.3093,  73.2458,  79.2528,  81.8957,  87.3213,  92.5913,  98.179,  106.202,  107.16,  108.026,  107.375,  106.604,  85.1692,  82.1369,  82.2434,  85.5438,  86.5613,  86.5825,  86.2716,  83.1773,  83.6221,  86.8121,  87.8812,  87.6053,  122.366,  117.622,  115.32,  116.37,  115.66,  118.387,  122.992,  126.315,  127.317,  127.459,  127.134,  125.823,  122.109,  119.463,  119.75,  119.659,  122.711,  122.317,  122.48,  122.19, 0.0212087, 0.0952945, 0, 0, 0.38942, 0.755938, 0, 0, 0.0528261, 0.0212771, 0.654841, 1.10489, 0.0513438, 0.362965, 0, 0, 0.222776, 0, 0, 0, 1, 0, 0, 0, 0, 0, 0, 0, 0, 0, 1, 0, 0, 0, 0
26,  1.66667,  0.974713,  1,  0.199615,  0.159545,  -0.966798,  -0.0609329,  0.146106,  -0.987391,  -9.54494,  -24.114,  433.458,  -0.147523,  -0.212193,  -0.00803246,  106.869,  107.348,  108.845,  111.455,  116.563,  124.453,  134.087,  144.934,  155.286,  164.022,  170.507,  176.36,  180.908,  183.772,  185.376,  186.21,  186.161,  119.649,  125.509,  133.785,  142.394,  149.879,  162.317,  168.535,  174.754,  180.566,  183.966,  156.539,  157.647,  158.86,  160.066,  149.564,  153.879,  158.121,  161.834,  165.017,  128.989,  133.971,  139.445,  143.884,  139.356,  133.856,  164.301,  168.73,  173.653,  177.136,  174.142,  169.29,  140.728,  148.143,  154.409,  157.977,  161.572,  165.96,  169.16,  165.858,  161.733,  157.872,  153.952,  147.787,  143.452,  154.123,  157.759,  161.392,  167.136,  161.298,  157.641,  153.925,  90.716,  101.741,  112.799,  123.376,  132.58,  140.056,  145.406,  148.962,  149.959,  148.935,  144.927,  139.302,  131.687,  122.5,  112.719,  102.955,  93.3083,  77.1191,  71.091,  68.4849,  68.8653,  71.6689,  71.8533,  69.8773,  70.2101,  73.1001,  79.0687,  81.6989,  87.2207,  92.5896,  98.2807,  106.321,  107.293,  108.183,  107.531,  106.729,  84.8748,  81.8449,  81.9645,  85.2912,  86.3044,  86.3134,  86.0871,  82.987,  83.4371,  86.657,  87.7288,  87.4346,  122.751,  118.012,  115.726,  116.796,  116.098,  118.835,  123.447,  126.954,  128.026,  128.161,  127.812,  126.395,  122.506,  119.857,  120.157,  120.081,  123.192,  122.967,  123.133,  122.821, 0.0265674, 0.169861, 0, 0.137757, 0.362988, 0.88352, 0, 0, 0.0382649, 0.0212771, 0.387676, 0.709954, 0.0513438, 0.211546, 0.180531, 0, 0.161793, 0, 0, 0, 1, 0, 0, 0, 0, 0, 0, 0, 0, 0, 1, 0, 0, 0, 0
27,  1.73333,  0.980627,  1,  0.200232,  0.160107,  -0.966578,  -0.0587383,  0.147353,  -0.987338,  -9.54224,  -23.9328,  432.029,  -0.148853,  -0.217932,  -0.0120786,  106.662,  107.147,  108.662,  111.306,  116.443,  124.356,  134.033,  144.956,  155.393,  164.151,  170.618,  176.396,  180.85,  183.636,  185.219,  186.053,  185.968,  119.5,  125.328,  133.614,  142.239,  149.724,  162.145,  168.359,  174.556,  180.354,  183.755,  156.42,  157.568,  158.82,  160.067,  149.606,  153.904,  158.129,  161.828,  164.997,  128.849,  133.831,  139.317,  143.765,  139.246,  133.735,  164.21,  168.618,  173.542,  177.001,  174.038,  169.186,  141.085,  148.381,  154.54,  158.125,  161.707,  166.046,  169.138,  165.969,  161.896,  158.041,  154.108,  148.042,  143.848,  154.255,  157.903,  161.529,  167.113,  161.441,  157.79,  154.069,  90.748,  101.82,  112.93,  123.547,  132.79,  140.286,  145.651,  149.2,  150.161,  149.116,  145.037,  139.337,  131.663,  122.427,  112.607,  102.79,  93.1054,  77.0742,  71.0197,  68.3917,  68.779,  71.5853,  71.755,  69.7311,  70.0152,  72.8672,  78.8106,  81.6322,  87.1422,  92.4991,  98.1744,  106.401,  107.357,  108.225,  107.58,  106.773,  84.8868,  81.8204,  81.9165,  85.2421,  86.2976,  86.3309,  85.9735,  82.8509,  83.2967,  86.521,  87.6218,  87.3335,  123.217,  118.276,  115.892,  116.97,  116.246,  119.059,  123.805,  127.258,  128.346,  128.492,  128.154,  126.764,  122.909,  120.159,  120.436,  120.367,  123.521,  123.153,  123.327,  123.021, 0.018302, 0.109462, 0, 0.191387, 0.368056, 0.989377, 0.014728, 0, 0.0382649, 0.0212771, 0.0802677, 0.325498, 0.021125, 0.0862791, 0.439256, 0, 0.074246, 0, 0, 0, 1, 0, 0, 0, 0, 0, 0, 0, 0, 0, 1, 0, 0, 0, 0
28,  1.8,  0.980796,  1,  0.200471,  0.160874,  -0.966401,  -0.0574714,  0.148832,  -0.987191,  -9.75894,  -23.9098,  431.442,  -0.148286,  -0.221281,  -0.0144515,  106.455,  106.947,  108.479,  111.146,  116.309,  124.231,  133.911,  144.869,  155.326,  164.072,  170.508,  176.242,  180.671,  183.439,  185.013,  185.829,  185.723,  119.313,  125.127,  133.41,  142.035,  149.5,  161.898,  168.1,  174.283,  180.068,  183.469,  156.204,  157.389,  158.675,  159.956,  149.514,  153.811,  158.032,  161.722,  164.88,  128.661,  133.628,  139.109,  143.561,  139.054,  133.552,  164.002,  168.385,  173.298,  176.747,  173.806,  168.968,  141.106,  148.365,  154.504,  158.095,  161.67,  166.001,  169.043,  165.943,  161.886,  158.03,  154.096,  148.04,  143.882,  154.226,  157.875,  161.496,  167.023,  161.405,  157.755,  154.031,  90.7296,  101.814,  112.939,  123.571,  132.837,  140.367,  145.791,  149.399,  150.373,  149.314,  145.194,  139.439,  131.715,  122.432,  112.549,  102.664,  92.9167,  77.0078,  70.9477,  68.3257,  68.7104,  71.5147,  71.6528,  69.5929,  69.8525,  72.6872,  78.6147,  81.5431,  87.0529,  92.4096,  98.0855,  106.36,  107.312,  108.17,  107.512,  106.694,  84.8535,  81.773,  81.8555,  85.1638,  86.2353,  86.283,  85.8384,  82.7088,  83.1439,  86.3551,  87.4631,  87.1854,  123.338,  118.307,  115.89,  116.959,  116.224,  119.043,  123.835,  127.397,  128.55,  128.713,  128.379,  126.955,  123.015,  120.171,  120.433,  120.357,  123.555,  123.331,  123.521,  123.215, 0.018302, 0.0745662, 0, 0.191387, 0.424803, 1.15746, 0.014728, 0, 0, 0, 0.0528032, 0.103694, 0.0604998, 0, 0.715045, 0.0703269, 0.034428, 0, 0, 0, 1, 0, 0, 0, 0, 0, 0, 0, 0, 0, 1, 0, 0, 0, 0
29,  1.86667,  0.981408,  1,  0.201388,  0.160216,  -0.96632,  -0.0564114,  0.149346,  -0.987175,  -10.0933,  -24.4113,  432.586,  -0.153797,  -0.219258,  -0.0195668,  106.306,  106.853,  108.435,  111.147,  116.344,  124.285,  133.981,  144.94,  155.386,  164.116,  170.531,  176.236,  180.62,  183.336,  184.858,  185.625,  185.482,  119.066,  124.805,  133.064,  141.683,  149.15,  161.478,  167.685,  173.889,  179.696,  183.109,  155.866,  157.068,  158.366,  159.663,  149.31,  153.603,  157.821,  161.504,  164.659,  128.447,  133.375,  138.829,  143.279,  138.799,  133.325,  163.703,  168.053,  172.947,  176.406,  173.47,  168.652,  141.093,  148.275,  154.364,  157.955,  161.526,  165.864,  168.921,  165.855,  161.818,  157.963,  154.035,  148.007,  143.858,  154.114,  157.758,  161.377,  166.901,  161.305,  157.655,  153.935,  90.8578,  101.886,  112.943,  123.504,  132.692,  140.14,  145.485,  149.03,  149.968,  148.896,  144.805,  139.093,  131.408,  122.156,  112.288,  102.418,  92.6952,  77.1275,  71.0085,  68.328,  68.6685,  71.4393,  71.524,  69.4402,  69.6874,  72.5326,  78.4817,  81.3749,  86.8316,  92.1344,  97.7562,  106.051,  106.983,  107.819,  107.146,  106.32,  84.8003,  81.7108,  81.7649,  85.0313,  86.1124,  86.1852,  85.619,  82.4937,  82.9151,  86.1002,  87.1952,  86.9334,  123.045,  117.944,  115.498,  116.545,  115.801,  118.61,  123.426,  126.97,  128.13,  128.307,  127.989,  126.6,  122.698,  119.762,  120.005,  119.917,  123.138,  122.948,  123.15,  122.86, 0, 0, 0, 0.0536298, 0.520112, 1.2352, 0.0518046, 0, 0, 0, 0.201167, 0.0439614, 0.0604998, 0, 0.746438, 0.285162, 0.0259325, 0, 0, 0, 1, 0, 0, 0, 0, 0, 0, 0, 0, 0, 1, 0, 0, 0, 0
30,  1.93333,  0.981352,  1,  0.203049,  0.160235,  -0.965969,  -0.0554394,  0.149707,  -0.987175,  -10.4965,  -24.6467,  432.222,  -0.157992,  -0.218485,  -0.0200503,  106.021,  106.565,  108.142,  110.857,  116.052,  123.997,  133.715,  144.69,  155.14,  163.879,  170.313,  176.052,  180.452,  183.175,  184.689,  185.449,  185.31,  118.787,  124.529,  132.816,  141.467,  148.948,  161.186,  167.411,  173.64,  179.473,  182.905,  155.614,  156.817,  158.115,  159.413,  149.084,  153.366,  157.577,  161.254,  164.405,  128.162,  133.104,  138.56,  143.02,  138.537,  133.059,  163.471,  167.829,  172.72,  176.188,  173.248,  168.428,  140.915,  148.086,  154.166,  157.724,  161.26,  165.593,  168.658,  165.58,  161.548,  157.724,  153.83,  147.818,  143.684,  153.914,  157.525,  161.11,  166.635,  161.034,  157.416,  153.729,  90.8787,  101.868,  112.894,  123.434,  132.61,  140.043,  145.364,  148.891,  149.83,  148.758,  144.687,  139.005,  131.352,  122.124,  112.273,  102.415,  92.701,  77.0699,  70.9245,  68.2261,  68.5591,  71.339,  71.3892,  69.2952,  69.5474,  72.4248,  78.4135,  81.2358,  86.6465,  91.9027,  97.4807,  105.823,  106.752,  107.579,  106.92,  106.109,  84.7156,  81.6278,  81.6753,  84.9243,  86.006,  86.0848,  85.4991,  82.3821,  82.8106,  85.9919,  87.078,  86.8127,  122.854,  117.724,  115.252,  116.297,  115.559,  118.393,  123.245,  126.766,  127.907,  128.078,  127.762,  126.387,  122.495,  119.523,  119.763,  119.684,  122.945,  122.73,  122.924,  122.638, 0, 0, 0, 0, 0.538802, 1.33535, 0.0405506, 0, 0, 0, 0.483501, 0.0439614, 0.0393748, 0, 0.738849, 0.421957, 0.0259325, 0, 0, 0, 1, 0, 0, 0, 0, 0, 0, 0, 0, 0, 1, 0, 0, 0, 0
31,  2,  0.98089,  1,  0.204382,  0.158624,  -0.965954,  -0.0556205,  0.149999,  -0.98712,  -11.0179,  -24.5833,  430.741,  -0.161054,  -0.211381,  -0.0245049,  105.679,  106.281,  107.926,  110.709,  115.929,  123.878,  133.578,  144.516,  154.966,  163.735,  170.23,  176.027,  180.47,  183.204,  184.712,  185.456,  185.314,  118.177,  123.87,  132.154,  140.826,  148.334,  160.701,  166.965,  173.25,  179.155,  182.689,  155.1,  156.303,  157.598,  158.895,  148.68,  152.954,  157.159,  160.845,  164.015,  127.559,  132.506,  138.005,  142.522,  138,  132.48,  163.134,  167.506,  172.449,  175.973,  173.002,  168.128,  140.724,  147.777,  153.824,  157.385,  160.918,  165.316,  168.445,  165.341,  161.264,  157.428,  153.53,  147.544,  143.504,  153.592,  157.202,  160.791,  166.394,  160.722,  157.096,  153.408,  91.1333,  102.117,  113.124,  123.642,  132.799,  140.202,  145.512,  149.039,  149.963,  148.87,  144.775,  139.074,  131.394,  122.131,  112.236,  102.334,  92.5718,  77.1362,  70.9333,  68.1821,  68.4573,  71.1974,  71.1843,  69.0399,  69.254,  72.0913,  78.0533,  81.1285,  86.5332,  91.7797,  97.3453,  105.793,  106.702,  107.502,  106.825,  106.005,  84.8091,  81.6639,  81.677,  84.9178,  86.0492,  86.1628,  85.3736,  82.2127,  82.6205,  85.8028,  86.9231,  86.6824,  122.983,  117.728,  115.177,  116.206,  115.445,  118.306,  123.219,  126.87,  128.089,  128.287,  127.986,  126.584,  122.595,  119.504,  119.72,  119.627,  122.922,  122.847,  123.062,  122.787, 0, 0, 0, 0, 0.427327, 1.28255, 0.105224, 0, 0, 0, 0.614911, 0.0771801, 0, 0, 0.669939, 0.490913, 0.0212914, 0, 0, 0, 1, 0, 0, 0, 0, 0, 0, 0, 0, 0, 1, 0, 0, 0, 0
32,  2.06667,  0.980543,  1,  0.205583,  0.156234,  -0.966088,  -0.0553544,  0.148008,  -0.987436,  -11.505,  -24.6421,  430.925,  -0.168545,  -0.202316,  -0.0263631,  105.493,  106.142,  107.837,  110.676,  115.928,  123.89,  133.559,  144.402,  154.794,  163.571,  170.12,  175.999,  180.477,  183.218,  184.697,  185.429,  185.295,  117.787,  123.447,  131.729,  140.417,  147.963,  160.418,  166.711,  173.047,  178.996,  182.552,  154.772,  155.941,  157.203,  158.469,  148.356,  152.602,  156.78,  160.464,  163.637,  127.176,  132.122,  137.649,  142.191,  137.643,  132.093,  162.874,  167.267,  172.25,  175.809,  172.809,  167.892,  140.478,  147.447,  153.45,  156.971,  160.464,  164.885,  168.091,  164.914,  160.81,  157.012,  153.156,  147.222,  143.235,  153.233,  156.801,  160.352,  166.023,  160.283,  156.696,  153.049,  91.4933,  102.462,  113.431,  123.9,  132.978,  140.283,  145.475,  148.898,  149.784,  148.687,  144.63,  138.965,  131.31,  122.074,  112.243,  102.415,  92.717,  77.3094,  71.05,  68.2204,  68.4298,  71.1251,  71.0882,  68.9866,  69.2455,  72.1357,  78.153,  81.1408,  86.4813,  91.6611,  97.1614,  105.705,  106.594,  107.375,  106.717,  105.917,  84.9768,  81.8042,  81.8021,  85.0366,  86.1993,  86.3272,  85.481,  82.3218,  82.7367,  85.9433,  87.0659,  86.8208,  122.877,  117.623,  115.047,  116.073,  115.321,  118.209,  123.133,  126.713,  127.882,  128.066,  127.766,  126.395,  122.477,  119.361,  119.579,  119.495,  122.818,  122.68,  122.88,  122.612, 0.0727701, 0, 0, 0, 0.291873, 0.969571, 0.0681477, 0, 0, 0, 0.764058, 0.103234, 0, 0, 0.623479, 0.319949, 0.0781154, 0, 0, 0, 1, 0, 0, 0, 0, 0, 0, 0, 0, 0, 1, 0, 0, 0, 0
33,  2.13333,  0.979631,  1,  0.207901,  0.1514,  -0.966362,  -0.0567503,  0.144137,  -0.987929,  -11.7915,  -24.1468,  430.781,  -0.175428,  -0.196286,  -0.0269949,  105.355,  106.042,  107.756,  110.615,  115.868,  123.853,  133.54,  144.33,  154.674,  163.41,  169.992,  175.943,  180.502,  183.279,  184.75,  185.466,  185.341,  117.371,  123.043,  131.385,  140.14,  147.752,  160.278,  166.632,  173.053,  179.058,  182.637,  154.542,  155.672,  156.901,  158.137,  148.018,  152.299,  156.506,  160.215,  163.429,  126.77,  131.774,  137.358,  141.965,  137.346,  131.733,  162.721,  167.173,  172.214,  175.842,  172.786,  167.799,  140.126,  147.141,  153.19,  156.753,  160.294,  164.786,  168.066,  164.828,  160.696,  156.845,  152.947,  146.945,  142.884,  152.983,  156.593,  160.196,  165.962,  160.153,  156.517,  152.824,  92.1471,  103.06,  113.958,  124.362,  133.344,  140.516,  145.567,  148.893,  149.75,  148.677,  144.704,  139.181,  131.628,  122.459,  112.717,  103.028,  93.464,  77.7216,  71.3967,  68.4918,  68.6513,  71.3693,  71.3067,  69.2338,  69.566,  72.5838,  78.7365,  81.6211,  86.8772,  91.9601,  97.364,  105.972,  106.848,  107.614,  106.965,  106.2,  85.5294,  82.3409,  82.3422,  85.602,  86.7692,  86.8949,  86.0522,  82.8975,  83.3326,  86.5547,  87.6699,  87.4212,  123.004,  117.681,  115.042,  116.067,  115.304,  118.242,  123.242,  126.77,  127.934,  128.129,  127.841,  126.502,  122.6,  119.428,  119.642,  119.549,  122.903,  122.701,  122.9,  122.644, 0.0727701, 0, 0, 0, 0.251382, 0.838016, 0.0921192, 0, 0, 0.0544064, 0.769644, 0.248566, 0, 0.0626603, 0.476921, 0.183154, 0.1898, 0, 0, 0, 1, 0, 0, 0, 0, 0, 0, 0, 0, 0, 1, 0, 0, 0, 0
34,  2.2,  0.98023,  1,  0.208221,  0.152131,  -0.966178,  -0.0598524,  0.147505,  -0.987249,  -12.4722,  -24.7286,  434.229,  -0.16285,  -0.168867,  -0.0269419,  105.818,  106.532,  108.248,  111.058,  116.189,  124.012,  133.547,  144.133,  154.401,  163.231,  170.014,  176.161,  180.817,  183.644,  185.138,  185.918,  185.88,  117.259,  122.822,  131.052,  139.717,  147.324,  159.795,  166.249,  172.804,  178.967,  182.688,  154.074,  155.061,  156.142,  157.229,  147.373,  151.614,  155.796,  159.53,  162.786,  126.685,  131.619,  137.154,  141.721,  137.136,  131.566,  162.444,  166.919,  171.972,  175.682,  172.534,  167.528,  139.601,  146.478,  152.423,  155.926,  159.463,  164.025,  167.605,  164.098,  159.89,  156.055,  152.217,  146.312,  142.292,  152.252,  155.805,  159.404,  165.478,  159.381,  155.755,  152.119,  92.0868,  102.895,  113.673,  123.977,  132.881,  139.993,  144.936,  148.143,  148.906,  147.742,  143.785,  138.293,  130.807,  121.72,  112.031,  102.36,  92.7922,  78.2172,  71.864,  68.9222,  69.032,  71.6392,  71.4383,  69.3086,  69.536,  72.451,  78.532,  81.6545,  86.9653,  92.107,  97.5667,  105.964,  106.829,  107.577,  106.891,  106.084,  85.6451,  82.4917,  82.4558,  85.6546,  86.8259,  86.9887,  85.9095,  82.7218,  83.0938,  86.2288,  87.4007,  87.2127,  122.597,  117.605,  115.075,  116.062,  115.278,  118.025,  122.658,  126.037,  127.144,  127.364,  127.115,  125.903,  122.216,  119.264,  119.474,  119.33,  122.365,  122.093,  122.321,  122.103, 0.142977, 0.016912, 0, 0, 0.287601, 0.814473, 0.0512401, 0, 0, 0.0544064, 0.835225, 0.382099, 0, 0.0626603, 0.42473, 0.0438715, 0.222356, 0, 0, 0, 1, 0, 0, 0, 0, 0, 0, 0, 0, 0, 1, 0, 0, 0, 0
35,  2.26667,  0.983437,  1,  0.207892,  0.155513,  -0.96571,  -0.05973,  0.152747,  -0.986459,  -12.8473,  -24.9853,  435.06,  -0.140353,  -0.164222,  -0.0293774,  105.806,  106.513,  108.222,  110.998,  116.089,  123.866,  133.354,  143.965,  154.292,  163.216,  170.044,  176.192,  180.831,  183.635,  185.102,  185.832,  185.729,  117.268,  122.82,  130.939,  139.494,  147.012,  159.469,  165.899,  172.43,  178.588,  182.331,  153.812,  154.808,  155.893,  156.981,  147.112,  151.379,  155.589,  159.347,  162.611,  126.648,  131.524,  137.011,  141.541,  136.999,  131.481,  162.143,  166.577,  171.603,  175.318,  172.179,  167.213,  139.126,  146.053,  152.076,  155.65,  159.274,  163.905,  167.571,  163.99,  159.704,  155.786,  151.872,  145.881,  141.804,  151.912,  155.537,  159.222,  165.451,  159.196,  155.481,  151.773,  91.6096,  102.451,  113.291,  123.666,  132.657,  139.89,  144.966,  148.262,  148.981,  147.676,  143.5,  137.77,  130.13,  120.956,  111.172,  101.376,  91.6899,  78.0317,  71.7938,  68.9318,  69.0608,  71.639,  71.3107,  69.0457,  69.1253,  71.8853,  77.8174,  81.4991,  87.0221,  92.3878,  98.0643,  106.19,  107.058,  107.821,  107.059,  106.172,  85.4392,  82.2957,  82.2489,  85.4329,  86.5865,  86.7651,  85.4979,  82.2312,  82.5062,  85.562,  86.7983,  86.69,  122.593,  117.74,  115.287,  116.248,  115.426,  118.004,  122.412,  126.019,  127.237,  127.5,  127.266,  126.017,  122.256,  119.417,  119.613,  119.415,  122.215,  122.196,  122.48,  122.279, 0.0702067, 0.016912, 0, 0, 0.347805, 1.01923, 0.0550498, 0, 0, 0.0809272, 0.774313, 0.546494, 0, 0.0705746, 0.413587, 0, 0.18032, 0, 0, 0, 1, 0, 0, 0, 0, 0, 0, 0, 0, 0, 1, 0, 0, 0, 0
36,  2.33333,  0.98245,  1,  0.20822,  0.156025,  -0.965557,  -0.060091,  0.153638,  -0.986298,  -12.8647,  -25.108,  435.896,  -0.136005,  -0.16398,  -0.0302341,  105.829,  106.553,  108.275,  111.059,  116.154,  123.932,  133.416,  144.014,  154.324,  163.237,  170.062,  176.207,  180.843,  183.644,  185.104,  185.825,  185.715,  117.29,  122.845,  130.944,  139.473,  146.978,  159.444,  165.857,  172.372,  178.525,  182.285,  153.798,  154.793,  155.877,  156.966,  147.126,  151.386,  155.588,  159.34,  162.6,  126.677,  131.545,  137.02,  141.54,  137.009,  131.502,  162.125,  166.543,  171.561,  175.277,  172.14,  167.184,  139.16,  146.071,  152.085,  155.653,  159.272,  163.896,  167.566,  163.991,  159.713,  155.799,  151.892,  145.907,  141.831,  151.927,  155.546,  159.225,  165.447,  159.203,  155.492,  151.791,  91.5243,  102.359,  113.189,  123.552,  132.539,  139.768,  144.843,  148.143,  148.851,  147.52,  143.319,  137.574,  129.929,  120.754,  110.969,  101.173,  91.4845,  78.0464,  71.8437,  69.0101,  69.1486,  71.7133,  71.3755,  69.1028,  69.1467,  71.848,  77.7191,  81.5204,  87.0474,  92.4178,  98.0977,  106.185,  107.049,  107.808,  107.036,  106.136,  85.435,  82.2992,  82.2474,  85.4272,  86.582,  86.763,  85.4601,  82.1841,  82.446,  85.4829,  86.7329,  86.6378,  122.545,  117.715,  115.27,  116.223,  115.395,  117.945,  122.312,  125.943,  127.182,  127.456,  127.229,  125.981,  122.209,  119.38,  119.57,  119.363,  122.126,  122.154,  122.449,  122.253, 0.0702067, 0.0199948, 0, 0, 0.391587, 1.16459, 0.0276044, 0, 0, 0.0346877, 0.734447, 0.657526, 0, 0.0379429, 0.487738, 0, 0.0829191, 0, 0, 0, 1, 0, 0, 0, 0, 0, 0, 0, 0, 0, 1, 0, 0, 0, 0
37,  2.4,  0.982623,  1,  0.208172,  0.156545,  -0.965483,  -0.0597788,  0.154008,  -0.98626,  -12.8328,  -25.101,  435.812,  -0.135704,  -0.16433,  -0.0299015,  105.836,  106.554,  108.272,  111.05,  116.14,  123.912,  133.398,  144.003,  154.322,  163.243,  170.074,  176.22,  180.847,  183.642,  185.103,  185.832,  185.729,  117.323,  122.876,  130.986,  139.525,  147.034,  159.455,  165.876,  172.398,  178.552,  182.301,  153.825,  154.817,  155.899,  156.985,  147.146,  151.404,  155.604,  159.354,  162.611,  126.72,  131.587,  137.059,  141.573,  137.046,  131.543,  162.143,  166.562,  171.575,  175.283,  172.149,  167.197,  139.222,  146.116,  152.113,  155.673,  159.285,  163.892,  167.545,  163.984,  159.721,  155.815,  151.915,  145.951,  141.893,  151.952,  155.564,  159.236,  165.427,  159.213,  155.509,  151.816,  91.4771,  102.324,  113.164,  123.537,  132.537,  139.78,  144.866,  148.171,  148.882,  147.549,  143.339,  137.581,  129.926,  120.743,  110.953,  101.15,  91.4548,  78.0571,  71.8398,  69.0017,  69.1473,  71.72,  71.3858,  69.1146,  69.1592,  71.871,  77.7585,  81.521,  87.0485,  92.4198,  98.1009,  106.18,  107.048,  107.809,  107.038,  106.139,  85.4166,  82.2869,  82.2367,  85.4138,  86.5676,  86.7474,  85.456,  82.1859,  82.452,  85.4862,  86.735,  86.6366,  122.557,  117.719,  115.275,  116.23,  115.403,  117.958,  122.333,  125.948,  127.181,  127.454,  127.226,  125.981,  122.216,  119.384,  119.575,  119.371,  122.141,  122.152,  122.447,  122.25, 0, 0.0891521, 0, 0, 0.411457, 1.21539, 0.0114814, 0, 0, 0.12771, 0.652709, 0.743024, 0, 0.0446294, 0.548003, 0, 0.0503631, 0, 0, 0, 1, 0, 0, 0, 0, 0, 0, 0, 1, 0, 1, 0, 0, 0, 0
38,  2.46667,  0.98366,  1,  0.207505,  0.155988,  -0.965717,  -0.0601139,  0.153502,  -0.986318,  -12.706,  -24.9965,  435.326,  -0.136647,  -0.163511,  -0.0305279,  105.887,  106.606,  108.328,  111.102,  116.192,  123.966,  133.46,  144.083,  154.424,  163.366,  170.21,  176.354,  180.98,  183.768,  185.224,  185.942,  185.828,  117.353,  122.888,  130.985,  139.518,  147.025,  159.489,  165.912,  172.436,  178.595,  182.351,  153.85,  154.85,  155.936,  157.027,  147.177,  151.452,  155.667,  159.427,  162.692,  126.78,  131.637,  137.105,  141.619,  137.096,  131.597,  162.185,  166.602,  171.616,  175.331,  172.194,  167.243,  139.222,  146.14,  152.16,  155.747,  159.391,  164.024,  167.703,  164.13,  159.853,  155.916,  151.991,  145.993,  141.893,  152.007,  155.644,  159.349,  165.585,  159.334,  155.598,  151.879,  91.539,  102.395,  113.246,  123.632,  132.639,  139.887,  144.98,  148.291,  149.004,  147.679,  143.476,  137.723,  130.064,  120.874,  111.062,  101.236,  91.5226,  78.1054,  71.874,  69.0245,  69.1609,  71.7304,  71.394,  69.1108,  69.1558,  71.8658,  77.7506,  81.5264,  87.0815,  92.4805,  98.1881,  106.251,  107.118,  107.881,  107.095,  106.186,  85.4267,  82.2875,  82.237,  85.4183,  86.5639,  86.7455,  85.4518,  82.1715,  82.4291,  85.4652,  86.707,  86.6141,  122.585,  117.762,  115.335,  116.285,  115.452,  117.979,  122.329,  125.964,  127.212,  127.494,  127.269,  126.023,  122.252,  119.434,  119.622,  119.407,  122.148,  122.194,  122.498,  122.302, 0, 0.0995548, 0, 0, 0.469722, 1.37811, 0.0306558, 0, 0, 0.124312, 0.535182, 0.700629, 0, 0.036715, 0.605617, 0, 0.0142834, 0, 0, 0, 1, 0, 0, 0, 0, 0, 0, 0, 1, 0, 1, 0, 0, 0, 0
39,  2.53333,  0.983759,  1,  0.207914,  0.156685,  -0.965516,  -0.059722,  0.15507,  -0.986097,  -12.5328,  -24.9069,  435.109,  -0.131823,  -0.167942,  -0.033374,  105.809,  106.561,  108.308,  111.103,  116.227,  124.043,  133.585,  144.256,  154.606,  163.528,  170.329,  176.432,  181.033,  183.797,  185.224,  185.905,  185.75,  117.319,  122.854,  130.967,  139.52,  147.049,  159.488,  165.894,  172.401,  178.554,  182.318,  153.896,  154.939,  156.068,  157.201,  147.304,  151.604,  155.842,  159.603,  162.865,  126.809,  131.668,  137.132,  141.655,  137.139,  131.645,  162.211,  166.615,  171.617,  175.33,  172.208,  167.271,  139.345,  146.309,  152.344,  155.954,  159.619,  164.242,  167.903,  164.372,  160.121,  156.166,  152.221,  146.191,  142.022,  152.198,  155.857,  159.583,  165.796,  159.579,  155.824,  152.083,  91.5625,  102.425,  113.282,  123.677,  132.694,  139.951,  145.061,  148.392,  149.091,  147.728,  143.466,  137.668,  129.975,  120.754,  110.906,  101.052,  91.3101,  78.2151,  71.9734,  69.1162,  69.246,  71.807,  71.4411,  69.1221,  69.1261,  71.7949,  77.6498,  81.5819,  87.1713,  92.6056,  98.3472,  106.379,  107.243,  108.004,  107.19,  106.257,  85.4964,  82.3574,  82.2947,  85.4645,  86.6154,  86.8107,  85.4327,  82.1376,  82.3747,  85.3822,  86.6418,  86.5704,  122.664,  117.878,  115.464,  116.403,  115.551,  118.025,  122.303,  125.962,  127.24,  127.545,  127.331,  126.099,  122.336,  119.548,  119.73,  119.491,  122.14,  122.225,  122.552,  122.366, 0, 0.0312081, 0, 0, 0.543383, 1.60154, 0.0689525, 0, 0, 0.0693659, 0.357213, 0.576045, 0, 0, 0.635809, 0, 0, 0, 0, 0, 1, 0, 0, 0, 0, 0, 0, 0, 0, 0, 1, 0, 0, 0, 0
