frame, timestamp, confidence, success, gaze_0_x, gaze_0_y, gaze_0_z, gaze_1_x, gaze_1_y, gaze_1_z, pose_Tx, pose_Ty, pose_Tz, pose_Rx, pose_Ry, pose_Rz, x_0, x_1, x_2, x_3, x_4, x_5, x_6, x_7, x_8, x_9, x_10, x_11, x_12, x_13, x_14, x_15, x_16, x_17, x_18, x_19, x_20, x_21, x_22, x_23, x_24, x_25, x_26, x_27, x_28, x_29, x_30, x_31, x_32, x_33, x_34, x_35, x_36, x_37, x_38, x_39, x_40, x_41, x_42, x_43, x_44, x_45, x_46, x_47, x_48, x_49, x_50, x_51, x_52, x_53, x_54, x_55, x_56, x_57, x_58, x_59, x_60, x_61, x_62, x_63, x_64, x_65, x_66, x_67, y_0, y_1, y_2, y_3, y_4, y_5, y_6, y_7, y_8, y_9, y_10, y_11, y_12, y_13, y_14, y_15, y_16, y_17, y_18, y_19, y_20, y_21, y_22, y_23, y_24, y_25, y_26, y_27, y_28, y_29, y_30, y_31, y_32, y_33, y_34, y_35, y_36, y_37, y_38, y_39, y_40, y_41, y_42, y_43, y_44, y_45, y_46, y_47, y_48, y_49, y_50, y_51, y_52, y_53, y_54, y_55, y_56, y_57, y_58, y_59, y_60, y_61, y_62, y_63, y_64, y_65, y_66, y_67, AU01_r, AU02_r, AU04_r, AU05_r, AU06_r, AU07_r, AU09_r, AU10_r, AU12_r, AU14_r, AU15_r, AU17_r, AU20_r, AU23_r, AU25_r, AU26_r, AU45_r, AU01_c, AU02_c, AU04_c, AU05_c, AU06_c, AU07_c, AU09_c, AU10_c, AU12_c, AU14_c, AU15_c, AU17_c, AU20_c, AU23_c, AU25_c, AU26_c, AU28_c, AU45_c
1,  0,  0.908263,  1,  0.155351,  0.20986,  -0.965311,  -0.264815,  0.149329,  -0.952667,  0.10782,  10.8887,  239.416,  0.230179,  0.0300684,  0.134675,  93.5359,  92.1602,  92.3444,  92.8423,  95.2434,  102.162,  113.347,  128.637,  147.584,  167.29,  185.731,  202.281,  216.158,  225.522,  231.453,  236.156,  239.214,  103.446,  115.204,  129.077,  141.933,  153.691,  178.666,  192.965,  206.438,  219.789,  229.854,  165.446,  164.193,  162.774,  161.279,  145.15,  151.908,  159.067,  167.066,  174.342,  117.053,  125.803,  136.029,  143.836,  134.678,  124.715,  187.345,  196.52,  206.386,  213.655,  206.099,  196.584,  128.491,  139.591,  149.996,  156.941,  165.43,  175.402,  184.402,  174.332,  163.851,  154.859,  147.02,  137.517,  133.505,  148.794,  156.178,  164.621,  179.798,  164.41,  155.795,  148.433,  78.1852,  95.8142,  113.454,  130.33,  148.659,  166.768,  183.954,  200.356,  208.185,  207.748,  198.39,  185.37,  170.221,  152.843,  134.525,  115.565,  95.8676,  71.4618,  68.6303,  71.5325,  76.7369,  82.7529,  84.5045,  80.7237,  79.0546,  80.1894,  86.1446,  92.19,  105.245,  118.519,  132.277,  136.222,  140.532,  143.746,  142.477,  140.491,  83.1866,  79.6117,  80.979,  88.3368,  89.0293,  87.6331,  93.0072,  87.3748,  88.4477,  93.7768,  96.5312,  95.5364,  159.899,  157.506,  156.814,  159.764,  158.72,  161.942,  167.14,  173.886,  176.552,  176.126,  174.269,  169.175,  161.317,  163.129,  164.814,  165.105,  167.115,  166.401,  166.158,  164.21, 0.208777, 0.266626, 0, 0, 0.583483, 0, 0, 0.0349801, 0, 0, 0, 0.158115, 0, 0.121612, 0, 0, 0, 0, 0, 0, 1, 0, 0, 0, 1, 0, 0, 0, 0, 0, 1, 0, 0, 1, 0
2,  0.0666667,  0.909268,  1,  0.15655,  0.216235,  -0.963709,  -0.257508,  0.155727,  -0.953645,  0.00109025,  10.7429,  238.082,  0.227113,  0.0341793,  0.135987,  93.5044,  92.157,  92.364,  92.8438,  95.2524,  102.13,  113.231,  128.464,  147.418,  167.185,  185.73,  202.401,  216.298,  225.691,  231.712,  236.496,  239.643,  103.172,  114.693,  128.541,  141.441,  153.285,  178.818,  193.188,  206.735,  220.132,  230.102,  165.356,  164.028,  162.542,  160.988,  144.731,  151.575,  158.843,  166.955,  174.339,  117.095,  125.863,  136.096,  143.933,  134.721,  124.721,  187.136,  196.427,  206.323,  213.642,  206.011,  196.436,  128.263,  139.35,  149.788,  156.689,  165.144,  175.114,  184.251,  174.013,  163.542,  154.602,  146.828,  137.314,  133.241,  148.597,  155.932,  164.345,  179.592,  164.15,  155.584,  148.276,  77.3145,  95.1248,  112.962,  130.096,  148.622,  166.951,  184.365,  200.871,  208.69,  208.155,  198.665,  185.516,  170.281,  152.865,  134.492,  115.521,  95.7882,  71.2091,  68.0411,  70.7418,  75.9795,  82.1351,  84.1829,  80.4842,  78.88,  80.1645,  86.3688,  92.1687,  105.31,  118.66,  132.484,  136.173,  140.563,  143.884,  142.571,  140.546,  83.0094,  79.5427,  80.9574,  88.3325,  88.9991,  87.5789,  93.1288,  87.5925,  88.7149,  94.0131,  96.7721,  95.7467,  159.662,  157.39,  156.746,  159.718,  158.698,  161.907,  167.005,  173.746,  176.357,  175.916,  174.058,  168.995,  161.07,  163.059,  164.773,  165.078,  166.991,  166.165,  165.927,  163.976, 0.261077, 0.236344, 0, 0.0691188, 0.660113, 0.0428691, 0, 0.0298982, 0, 0, 0.0464348, 0.111493, 0, 0.110507, 0, 0.0372475, 0.065492, 0, 0, 0, 1, 0, 0, 0, 1, 0, 0, 0, 0, 0, 1, 0, 0, 1, 0
3,  0.133333,  0.902159,  1,  0.156591,  0.214982,  -0.963982,  -0.235321,  0.17119,  -0.956723,  -0.102084,  11.1605,  240.28,  0.228249,  0.0347571,  0.137451,  93.7583,  92.274,  92.2865,  92.6952,  95.1714,  102.197,  113.279,  128.394,  147.257,  167.068,  185.62,  202.275,  216.163,  225.58,  231.539,  236.108,  239.065,  104.262,  115.879,  129.718,  142.55,  154.186,  177.863,  192.135,  205.614,  218.932,  228.793,  165.307,  163.982,  162.514,  160.986,  144.675,  151.486,  158.739,  166.882,  174.26,  117.638,  126.227,  136.122,  143.749,  134.799,  125.149,  186.906,  195.9,  205.44,  212.561,  205.08,  195.881,  128.225,  139.329,  149.72,  156.604,  165.068,  175.01,  184.019,  173.858,  163.408,  154.487,  146.731,  137.273,  133.159,  148.535,  155.85,  164.27,  179.453,  164.044,  155.464,  148.18,  78.089,  95.6424,  113.3,  130.278,  148.78,  167.066,  184.375,  200.843,  208.631,  208.125,  198.652,  185.594,  170.462,  153.17,  134.998,  116.277,  96.8894,  72.0067,  68.9903,  71.6876,  76.8911,  83.0489,  84.904,  81.3245,  79.8761,  81.296,  87.5096,  92.7277,  105.701,  118.865,  132.522,  136.154,  140.586,  143.953,  142.665,  140.63,  83.6581,  80.3408,  81.7025,  88.7488,  89.3371,  87.9499,  93.6531,  88.45,  89.6124,  94.7756,  97.2197,  96.1584,  159.638,  157.328,  156.738,  159.708,  158.742,  161.887,  167.052,  173.639,  176.204,  175.77,  173.882,  168.878,  161.04,  162.968,  164.685,  164.995,  166.982,  166.279,  166.042,  164.091, 0.37328, 0.147468, 0, 0.0691188, 0.776988, 0.331368, 0, 0.0182381, 0.0248368, 0, 0.0464348, 0.0587881, 0.0760611, 0.0699693, 0, 0.0391322, 0.967777, 0, 0, 0, 1, 0, 0, 0, 1, 0, 0, 0, 0, 0, 1, 0, 0, 1, 0
4,  0.2,  0.889291,  1,  0.181149,  0.28424,  -0.941484,  -0.259862,  0.22293,  -0.93956,  0.208699,  13.6207,  251.166,  0.214217,  0.0388102,  0.142797,  96.6871,  94.4137,  93.4312,  93.3993,  95.8813,  102.882,  113.588,  128.451,  147.198,  166.993,  185.647,  201.973,  215.22,  224.382,  230.171,  234.631,  237.911,  110.955,  121.113,  134.004,  146.587,  157.699,  175.949,  189.635,  202.633,  215.268,  223.977,  165.72,  164.387,  162.908,  161.324,  145.74,  152.206,  159.131,  167.025,  174.14,  124.082,  131.996,  140.148,  146.891,  139.394,  131.383,  184.692,  192.518,  200.397,  206.919,  200.048,  192.432,  129.287,  139.988,  150.083,  156.894,  165.396,  174.912,  183.449,  173.389,  163.389,  154.534,  146.902,  137.81,  133.871,  148.802,  155.998,  164.463,  179.404,  164.017,  155.461,  148.27,  81.9977,  98.9381,  116.227,  133.177,  151.431,  169.37,  186.286,  201.744,  208.782,  208.324,  199.483,  187.045,  172.254,  155.088,  137.13,  118.835,  99.6775,  78.5654,  74.0498,  75.0428,  79.3967,  85.2562,  86.3219,  82.9073,  82.1571,  85.0829,  92.3914,  95.8069,  107.657,  119.633,  132.118,  136.56,  140.727,  144.076,  142.822,  141.14,  90.0225,  87.9186,  88.789,  93.5371,  94.0523,  93.2183,  97.7857,  94.7383,  95.9561,  99.8538,  101.217,  100.133,  159.291,  157.027,  156.636,  159.68,  159.062,  162.157,  167.014,  173.766,  176.037,  175.583,  173.461,  168.566,  160.52,  162.621,  164.521,  164.965,  166.923,  166.686,  166.314,  164.255, 0.446156, 0.147468, 0, 0.0558121, 0.804049, 0.606831, 0.100951, 0.0182381, 0.0248368, 0, 0.0709292, 0.00925749, 0.105038, 0.0209429, 0, 0.154775, 1.28798, 0, 0, 0, 1, 0, 0, 0, 1, 0, 0, 0, 0, 0, 1, 0, 0, 1, 0
5,  0.266667,  0.909854,  1,  0.137185,  0.248037,  -0.958988,  -0.240158,  0.209115,  -0.947943,  0.170841,  12.4019,  245.196,  0.20107,  0.0298011,  0.140709,  95.3953,  93.3399,  92.6588,  92.9951,  95.7802,  103.115,  114.046,  128.603,  147.137,  166.833,  185.056,  201.354,  215.161,  224.761,  230.698,  235.092,  238.002,  107.854,  119.168,  132.82,  145.592,  156.857,  176.572,  190.715,  204.112,  217.183,  226.487,  165.737,  164.379,  162.874,  161.312,  144.914,  151.646,  158.978,  167.265,  174.685,  119.976,  128.165,  137.008,  144.398,  136.165,  127.561,  186.687,  195.159,  203.62,  210.417,  203.193,  195.03,  128.595,  139.713,  149.955,  156.888,  165.544,  175.406,  184.162,  174.113,  163.751,  154.697,  146.878,  137.59,  133.357,  148.726,  156.093,  164.683,  179.96,  164.41,  155.65,  148.309,  81.824,  98.9914,  116.427,  133.235,  151.495,  169.278,  185.933,  201.468,  208.804,  208.516,  199.598,  187.149,  172.428,  155.279,  137.188,  118.53,  99.3051,  75.3054,  71.8912,  73.9896,  78.755,  84.6687,  85.7977,  82.4456,  81.4084,  83.7,  90.4572,  93.4698,  106.237,  119.159,  132.574,  136.017,  140.527,  144.034,  142.666,  140.648,  86.239,  83.6712,  84.6459,  90.1185,  90.5062,  89.5449,  94.9939,  91.2364,  92.5493,  96.8724,  98.3625,  97.161,  159.472,  157.259,  156.887,  159.863,  159.043,  162.099,  167.06,  173.484,  175.941,  175.556,  173.527,  168.594,  160.917,  162.797,  164.593,  164.94,  166.984,  166.352,  166.093,  164.082, 0.287466, 0, 0, 0, 0.784523, 0.854662, 0.126375, 0, 0.0248368, 0, 0.181088, 0.0433221, 0.105038, 0.0707131, 0, 0.174872, 1.32454, 0, 0, 0, 1, 0, 0, 0, 1, 0, 0, 0, 0, 0, 1, 0, 0, 1, 0
6,  0.333333,  0.911917,  1,  0.161996,  0.20038,  -0.966232,  -0.262007,  0.148472,  -0.953577,  0.543243,  11.1117,  240.442,  0.214155,  0.0323106,  0.134837,  94.5622,  93.0344,  93.0151,  93.5384,  96.1173,  103.19,  114.355,  129.475,  148.278,  167.889,  186.119,  202.424,  216.224,  225.708,  231.776,  236.476,  239.585,  104.98,  116.408,  130.33,  143.29,  154.994,  178.032,  192.368,  205.969,  219.429,  229.387,  165.758,  164.434,  162.94,  161.382,  145.135,  151.953,  159.297,  167.519,  174.965,  118.395,  126.96,  136.702,  144.447,  135.586,  126.085,  187.585,  196.636,  206.015,  213.167,  205.682,  196.608,  129.06,  140.059,  150.358,  157.309,  165.887,  175.831,  184.846,  174.792,  164.419,  155.376,  147.54,  138.124,  134.002,  149.201,  156.584,  165.109,  180.346,  164.947,  156.252,  148.894,  79.3248,  96.7855,  114.296,  131.169,  149.58,  167.739,  184.995,  201.088,  208.589,  208.02,  198.759,  185.989,  171.04,  153.79,  135.52,  116.617,  97.0161,  72.8246,  69.5007,  72.0864,  77.2359,  83.3755,  84.9435,  81.2273,  79.663,  81.1538,  87.4936,  92.2591,  105.304,  118.555,  132.285,  135.81,  140.26,  143.63,  142.225,  140.14,  83.7416,  80.5506,  81.7563,  88.4562,  88.9978,  87.786,  93.2501,  88.2842,  89.4459,  94.3819,  96.6895,  95.6192,  159.514,  157.254,  156.656,  159.594,  158.6,  161.732,  166.77,  173.264,  175.858,  175.505,  173.633,  168.721,  160.919,  162.73,  164.449,  164.723,  166.726,  165.905,  165.723,  163.776, 0.105671, 0, 0, 0, 0.704115, 0.566163, 0.229961, 0, 0, 0, 0.199571, 0.0996596, 0.108289, 0.0786221, 0, 0.252398, 0.501907, 0, 0, 0, 1, 0, 0, 0, 1, 0, 0, 0, 0, 0, 1, 0, 0, 1, 0
7,  0.4,  0.914621,  1,  0.166745,  0.204994,  -0.964455,  -0.273891,  0.155545,  -0.949099,  0.817085,  11.0846,  240.848,  0.228004,  0.0288049,  0.13393,  94.2996,  92.839,  92.8446,  93.3226,  95.9439,  103.2,  114.577,  129.942,  148.903,  168.595,  186.878,  203.111,  216.733,  226.003,  231.898,  236.54,  239.581,  104.991,  116.644,  130.517,  143.351,  155.059,  178.863,  193.095,  206.457,  219.753,  229.72,  166.24,  164.932,  163.472,  161.959,  145.569,  152.418,  159.756,  167.966,  175.384,  118.496,  127.082,  136.849,  144.535,  135.657,  126.161,  187.947,  196.904,  206.294,  213.435,  205.942,  196.897,  129.233,  140.345,  150.72,  157.72,  166.28,  176.152,  185.047,  175.084,  164.753,  155.719,  147.844,  138.344,  134.176,  149.579,  157.002,  165.516,  180.513,  165.334,  156.648,  149.255,  78.2428,  95.9197,  113.637,  130.698,  149.279,  167.557,  184.794,  200.852,  208.282,  207.505,  197.992,  185.034,  170.011,  152.821,  134.75,  116.031,  96.6002,  72.343,  69.3779,  72.0863,  77.246,  83.2984,  84.9931,  81.4448,  79.8873,  81.0957,  87.0541,  92.5436,  105.565,  118.803,  132.523,  135.898,  140.349,  143.738,  142.335,  140.194,  83.8012,  80.6851,  81.8887,  88.516,  89.1358,  87.867,  93.2811,  88.4223,  89.5577,  94.4185,  96.7433,  95.6909,  159.602,  157.25,  156.63,  159.561,  158.537,  161.61,  166.711,  173.227,  175.89,  175.576,  173.741,  168.856,  160.991,  162.765,  164.451,  164.693,  166.699,  165.9,  165.756,  163.862, 0, 0, 0, 0, 0.702867, 0.258493, 0.151845, 0, 0, 0, 0.145988, 0.133273, 0.0793128, 0.0882721, 0, 0.178205, 0.190529, 0, 0, 0, 1, 0, 0, 0, 1, 0, 0, 0, 0, 0, 1, 0, 0, 1, 0
8,  0.466667,  0.914759,  1,  0.163755,  0.20367,  -0.965248,  -0.268907,  0.150612,  -0.951318,  0.975269,  10.6263,  239.69,  0.232531,  0.0279394,  0.134907,  94.2934,  92.8018,  92.8365,  93.3078,  95.8829,  103.087,  114.472,  129.957,  149.013,  168.746,  187.044,  203.316,  216.907,  226.15,  232.056,  236.72,  239.776,  104.876,  116.605,  130.627,  143.597,  155.365,  179.444,  193.826,  207.373,  220.729,  230.498,  166.595,  165.259,  163.774,  162.231,  145.85,  152.66,  159.929,  168.089,  175.462,  118.537,  127.205,  137.188,  144.84,  135.877,  126.148,  188.255,  197.306,  206.912,  214.01,  206.573,  197.325,  129.299,  140.429,  150.787,  157.767,  166.301,  176.16,  185.047,  175.058,  164.717,  155.704,  147.844,  138.377,  134.263,  149.619,  157.03,  165.519,  180.485,  165.31,  156.647,  149.264,  77.3829,  95.176,  113.041,  130.234,  148.94,  167.315,  184.628,  200.788,  208.269,  207.454,  197.78,  184.642,  169.483,  152.236,  134.12,  115.342,  95.8025,  71.3974,  68.3003,  71.0262,  76.277,  82.4552,  84.0819,  80.324,  78.6889,  79.9921,  86.1305,  91.8223,  104.985,  118.369,  132.228,  135.753,  140.185,  143.542,  142.188,  140.053,  82.9031,  79.4812,  80.7928,  87.8284,  88.4973,  87.1436,  92.5473,  87.2299,  88.3035,  93.4558,  96.0126,  95.0026,  159.542,  157.228,  156.609,  159.558,  158.529,  161.605,  166.7,  173.215,  175.798,  175.442,  173.588,  168.678,  160.934,  162.758,  164.453,  164.694,  166.692,  165.875,  165.721,  163.805, 0, 0, 0, 0, 0.692834, 0, 0.126422, 0, 0, 0, 0.0184832, 0.12253, 0.091955, 0.0432967, 0, 0.247523, 0.0959235, 0, 0, 0, 1, 0, 0, 0, 0, 0, 0, 0, 0, 0, 1, 0, 0, 1, 0
9,  0.533333,  0.915498,  1,  0.166981,  0.201649,  -0.965119,  -0.246939,  0.144215,  -0.95824,  1.03656,  10.353,  239.271,  0.234464,  0.029897,  0.133534,  94.3972,  92.9682,  93.0868,  93.5383,  96.0416,  103.19,  114.569,  130.112,  149.171,  168.895,  187.244,  203.575,  217.146,  226.339,  232.216,  236.88,  239.952,  104.542,  116.123,  130.041,  142.948,  154.755,  180.226,  194.55,  207.97,  221.213,  230.925,  166.67,  165.316,  163.817,  162.255,  146,  152.774,  159.986,  168.104,  175.445,  118.492,  127.182,  137.305,  144.935,  135.906,  126.044,  188.379,  197.431,  207.204,  214.311,  206.891,  197.501,  129.37,  140.454,  150.813,  157.788,  166.279,  176.125,  185.047,  175.03,  164.686,  155.708,  147.866,  138.384,  134.316,  149.656,  157.06,  165.514,  180.459,  165.279,  156.661,  149.287,  76.7857,  94.7222,  112.709,  130.034,  148.865,  167.332,  184.66,  200.795,  208.268,  207.392,  197.628,  184.397,  169.201,  151.951,  133.804,  114.968,  95.3242,  70.6856,  67.4829,  70.1237,  75.3403,  81.4546,  83.2623,  79.4905,  77.8122,  78.9994,  85.0321,  91.4102,  104.642,  118.104,  132.033,  135.674,  140.076,  143.409,  142.066,  139.914,  82.53,  78.9562,  80.3103,  87.5281,  88.2922,  86.8886,  92.1498,  86.6174,  87.6357,  92.9142,  95.6455,  94.6784,  159.532,  157.223,  156.61,  159.553,  158.508,  161.547,  166.59,  173.16,  175.73,  175.374,  173.544,  168.641,  160.91,  162.785,  164.466,  164.691,  166.639,  165.804,  165.665,  163.772, 0.0190323, 0, 0, 0, 0.649891, 0, 0.0228357, 0, 0, 0, 0, 0.113346, 0.0126422, 0.0353877, 0.0280103, 0.254979, 0.0162733, 0, 0, 0, 1, 0, 0, 0, 0, 0, 0, 0, 0, 0, 1, 0, 0, 1, 0
10,  0.6,  0.915802,  1,  0.16558,  0.20478,  -0.964701,  -0.250239,  0.14382,  -0.957443,  1.31244,  9.90137,  238.995,  0.232091,  0.031002,  0.132816,  94.6924,  93.2913,  93.4875,  94.0079,  96.5673,  103.72,  115.087,  130.56,  149.55,  169.236,  187.586,  203.989,  217.568,  226.72,  232.561,  237.187,  240.221,  104.66,  116.064,  129.889,  142.758,  154.551,  180.813,  195.044,  208.418,  221.591,  231.21,  166.902,  165.542,  164.042,  162.476,  146.322,  153.091,  160.278,  168.357,  175.682,  118.645,  127.346,  137.55,  145.205,  136.116,  126.159,  188.599,  197.685,  207.573,  214.721,  207.274,  197.764,  129.871,  140.89,  151.221,  158.095,  166.437,  176.29,  185.302,  175.211,  164.859,  156.023,  148.297,  138.853,  134.801,  150.075,  157.374,  165.684,  180.676,  165.453,  156.986,  149.72,  76.241,  94.2425,  112.282,  129.65,  148.433,  166.828,  184.041,  200.091,  207.588,  206.802,  197.155,  184.031,  168.901,  151.703,  133.532,  114.644,  94.9555,  70.0286,  66.6351,  69.1586,  74.391,  80.5654,  82.5728,  78.7377,  77.0357,  78.2244,  84.3448,  90.9936,  104.237,  117.691,  131.61,  135.344,  139.708,  143.013,  141.691,  139.556,  82.0881,  78.4523,  79.8525,  87.2204,  88.0083,  86.5696,  91.8691,  86.1998,  87.2055,  92.5666,  95.3989,  94.4506,  159.139,  156.842,  156.216,  159.138,  158.086,  161.155,  166.166,  172.826,  175.384,  175.001,  173.196,  168.262,  160.492,  162.44,  164.091,  164.325,  166.222,  165.446,  165.281,  163.409, 0.0730642, 0, 0, 0.00186653, 0.602676, 0, 0, 0, 0, 0, 0, 0.172901, 0.0126422, 0.0257377, 0.0928105, 0.192471, 0, 0, 0, 0, 1, 0, 0, 0, 0, 0, 0, 0, 0, 0, 1, 0, 0, 1, 0
11,  0.666667,  0.913672,  1,  0.167443,  0.20269,  -0.964821,  -0.250213,  0.142387,  -0.957663,  1.37082,  9.73611,  239.302,  0.231724,  0.0312539,  0.130628,  94.7326,  93.3484,  93.5576,  94.0837,  96.6654,  103.852,  115.268,  130.774,  149.774,  169.455,  187.8,  204.189,  217.753,  226.866,  232.651,  237.214,  240.188,  104.665,  116.024,  129.711,  142.459,  154.204,  181.067,  195.204,  208.413,  221.461,  231.083,  166.861,  165.507,  164.021,  162.471,  146.32,  153.122,  160.337,  168.433,  175.776,  118.614,  127.312,  137.528,  145.176,  136.084,  126.12,  188.587,  197.639,  207.551,  214.719,  207.282,  197.76,  129.786,  140.869,  151.3,  158.238,  166.638,  176.596,  185.69,  175.541,  165.092,  156.19,  148.398,  138.835,  134.712,  150.173,  157.533,  165.909,  181.059,  165.664,  157.135,  149.806,  76.2394,  94.2458,  112.29,  129.673,  148.435,  166.82,  183.98,  199.949,  207.37,  206.525,  196.848,  183.719,  168.618,  151.462,  133.348,  114.496,  94.8391,  69.9178,  66.5708,  69.008,  74.1053,  80.1249,  82.1674,  78.4075,  76.7425,  77.8954,  83.9277,  90.797,  104.064,  117.542,  131.475,  135.212,  139.558,  142.856,  141.5,  139.348,  82.0864,  78.4021,  79.7905,  87.1695,  87.9733,  86.539,  91.691,  85.9852,  86.9578,  92.3307,  95.1683,  94.2491,  158.836,  156.52,  155.899,  158.806,  157.73,  160.739,  165.722,  172.539,  175.228,  174.889,  173.102,  168.123,  160.187,  162.175,  163.811,  164.014,  165.83,  165.237,  165.099,  163.244, 0.108134, 0.0441324, 0, 0.00186653, 0.593583, 0, 0, 0, 0, 0, 0.0596871, 0.221035, 0.00664495, 0.00503059, 0.11355, 0.093722, 0, 0, 0, 0, 1, 0, 0, 0, 0, 0, 0, 0, 0, 0, 1, 0, 0, 1, 0
12,  0.733333,  0.91568,  1,  0.165296,  0.202396,  -0.965253,  -0.251272,  0.146677,  -0.956738,  1.3766,  9.61755,  239.269,  0.229941,  0.0301747,  0.129881,  94.663,  93.3215,  93.5832,  94.1528,  96.7565,  103.935,  115.295,  130.733,  149.696,  169.363,  187.712,  204.133,  217.722,  226.852,  232.638,  237.194,  240.14,  104.62,  116.008,  129.72,  142.484,  154.219,  180.921,  195.034,  208.253,  221.322,  230.968,  166.84,  165.513,  164.053,  162.532,  146.359,  153.172,  160.401,  168.5,  175.839,  118.53,  127.226,  137.444,  145.114,  136.01,  126.038,  188.519,  197.556,  207.465,  214.651,  207.206,  197.682,  129.944,  141.014,  151.422,  158.327,  166.685,  176.599,  185.663,  175.549,  165.14,  156.281,  148.52,  138.986,  134.88,  150.29,  157.619,  165.951,  181.03,  165.718,  157.231,  149.933,  76.2139,  94.2517,  112.336,  129.719,  148.439,  166.753,  183.819,  199.747,  207.185,  206.435,  196.83,  183.718,  168.607,  151.416,  133.254,  114.35,  94.6687,  69.7769,  66.4002,  68.8275,  73.9192,  79.9531,  81.9527,  78.1649,  76.4845,  77.6141,  83.6732,  90.6364,  103.963,  117.484,  131.458,  135.137,  139.495,  142.795,  141.428,  139.265,  81.996,  78.3179,  79.7041,  87.0729,  87.8761,  86.4537,  91.5341,  85.8236,  86.7945,  92.1506,  94.9909,  94.079,  158.826,  156.414,  155.742,  158.643,  157.557,  160.597,  165.629,  172.424,  175.099,  174.755,  172.977,  168.037,  160.165,  162.061,  163.682,  163.89,  165.724,  165.055,  164.913,  163.071, 0.110837, 0.0441324, 0, 0.00186653, 0.575624, 0, 0, 0, 0, 0, 0.146994, 0.211248, 0.00664495, 0.00503059, 0.113288, 0.0267155, 0, 0, 0, 0, 1, 0, 0, 0, 0, 0, 0, 0, 0, 0, 1, 0, 0, 1, 0
13,  0.8,  0.91265,  1,  0.162806,  0.204185,  -0.965299,  -0.254489,  0.148372,  -0.955626,  1.28894,  9.58572,  239.214,  0.230025,  0.031887,  0.127979,  94.5375,  93.2602,  93.5896,  94.1996,  96.8564,  104.094,  115.486,  130.948,  149.889,  169.54,  187.877,  204.272,  217.812,  226.877,  232.6,  237.068,  239.927,  104.409,  115.674,  129.365,  142.13,  153.879,  180.806,  194.886,  208.096,  221.14,  230.725,  166.661,  165.358,  163.925,  162.429,  146.299,  153.113,  160.327,  168.416,  175.749,  118.429,  127.083,  137.292,  144.96,  135.864,  125.903,  188.301,  197.307,  207.225,  214.399,  206.97,  197.447,  129.922,  140.92,  151.309,  158.247,  166.622,  176.564,  185.636,  175.516,  165.088,  156.209,  148.429,  138.916,  134.844,  150.196,  157.553,  165.906,  180.988,  165.662,  157.157,  149.833,  76.1942,  94.2207,  112.282,  129.677,  148.44,  166.815,  183.948,  199.907,  207.325,  206.518,  196.832,  183.687,  168.571,  151.398,  133.223,  114.305,  94.6271,  69.7155,  66.212,  68.5653,  73.6765,  79.7596,  81.8416,  77.9914,  76.2975,  77.4241,  83.4995,  90.6216,  103.958,  117.485,  131.466,  135.136,  139.49,  142.796,  141.422,  139.245,  81.9648,  78.2589,  79.6406,  87.0205,  87.8429,  86.4204,  91.4774,  85.7493,  86.7081,  92.0738,  94.9259,  94.0243,  158.796,  156.393,  155.735,  158.648,  157.565,  160.587,  165.597,  172.437,  175.113,  174.767,  172.975,  168.008,  160.122,  162.058,  163.688,  163.89,  165.695,  165.075,  164.94,  163.089, 0.094929, 0.0441324, 0, 0.00818736, 0.548088, 0, 0, 0, 0, 0, 0.146994, 0.142781, 0.0340213, 0.00503059, 0.100759, 0.0246976, 0, 0, 0, 0, 1, 0, 0, 0, 0, 0, 0, 0, 0, 0, 1, 0, 0, 1, 0
14,  0.866667,  0.917055,  1,  0.161976,  0.198795,  -0.966563,  -0.256438,  0.148243,  -0.955125,  1.31523,  9.65578,  239.129,  0.227842,  0.0326039,  0.12602,  94.5205,  93.2838,  93.6613,  94.3238,  96.9753,  104.162,  115.539,  131.076,  150.064,  169.708,  188.008,  204.34,  217.89,  226.975,  232.726,  237.242,  240.145,  104.359,  115.615,  129.321,  142.101,  153.857,  180.46,  194.573,  207.824,  220.938,  230.7,  166.446,  165.177,  163.764,  162.281,  146.206,  153.043,  160.287,  168.387,  175.747,  118.289,  126.941,  137.176,  144.908,  135.788,  125.811,  188.294,  197.347,  207.28,  214.489,  207.049,  197.5,  130.047,  140.995,  151.304,  158.316,  166.781,  176.752,  185.816,  175.779,  165.368,  156.397,  148.551,  139.084,  135.002,  150.194,  157.621,  166.067,  181.165,  165.86,  157.271,  149.875,  76.602,  94.5314,  112.439,  129.723,  148.402,  166.794,  184.048,  200.112,  207.515,  206.716,  197.105,  183.963,  168.761,  151.444,  133.115,  114.069,  94.2548,  70.044,  66.5249,  68.9162,  73.9862,  79.9822,  81.9724,  78.1123,  76.4242,  77.5657,  83.6702,  90.6326,  103.964,  117.497,  131.478,  135.207,  139.56,  142.846,  141.438,  139.275,  82.1295,  78.3832,  79.7331,  87.1111,  87.958,  86.5757,  91.5296,  85.8017,  86.7656,  92.116,  94.9889,  94.0925,  159.022,  156.543,  155.803,  158.716,  157.62,  160.667,  165.747,  172.466,  175.121,  174.785,  172.989,  168.116,  160.338,  162.141,  163.78,  163.974,  165.815,  165.079,  164.941,  163.063, 0.0598589, 0, 0, 0.00818736, 0.537558, 0, 0, 0, 0, 0, 0.0873067, 0.0899904, 0.0471291, 0, 0.152885, 0.0198599, 0, 0, 0, 0, 1, 0, 0, 0, 0, 0, 0, 0, 0, 0, 1, 0, 0, 1, 0
15,  0.933333,  0.918272,  1,  0.162221,  0.194537,  -0.967388,  -0.259657,  0.143323,  -0.955006,  1.40026,  9.82736,  239.106,  0.226882,  0.0295607,  0.125487,  94.3816,  93.196,  93.5994,  94.2451,  96.8718,  104.09,  115.541,  131.188,  150.246,  169.886,  188.168,  204.436,  217.94,  226.969,  232.668,  237.171,  240.039,  104.205,  115.643,  129.477,  142.349,  154.178,  180.271,  194.433,  207.767,  220.98,  230.843,  166.55,  165.341,  163.984,  162.558,  146.39,  153.256,  160.496,  168.571,  175.907,  118.166,  126.861,  137.14,  144.927,  135.763,  125.743,  188.33,  197.43,  207.39,  214.633,  207.17,  197.591,  129.989,  141.017,  151.391,  158.488,  167.039,  177.045,  186.095,  176.067,  165.62,  156.55,  148.609,  139.074,  134.988,  150.27,  157.786,  166.318,  181.424,  166.114,  157.428,  149.94,  76.8986,  94.822,  112.721,  129.965,  148.605,  166.95,  184.173,  200.244,  207.634,  206.835,  197.221,  184.09,  168.908,  151.578,  133.257,  114.221,  94.438,  70.3292,  66.882,  69.3696,  74.4704,  80.5109,  82.3675,  78.4223,  76.6831,  77.7453,  83.8053,  90.8732,  104.137,  117.608,  131.538,  135.412,  139.72,  142.971,  141.583,  139.448,  82.38,  78.6141,  79.9511,  87.3701,  88.2076,  86.8311,  91.7175,  85.9205,  86.8694,  92.2356,  95.1313,  94.2471,  159.242,  156.673,  155.885,  158.813,  157.702,  160.81,  165.978,  172.687,  175.371,  175.039,  173.244,  168.346,  160.554,  162.293,  163.936,  164.132,  166.02,  165.237,  165.104,  163.225, 0.0381236, 0, 0, 0.00818736, 0.535485, 0, 0, 0, 0, 0, 0.00800535, 0.0974606, 0.0927227, 0.0041045, 0.206856, 0.0198058, 0, 0, 0, 0, 1, 0, 0, 0, 0, 0, 0, 0, 0, 0, 1, 0, 0, 1, 0
16,  1,  0.914061,  1,  0.165555,  0.197491,  -0.966224,  -0.263833,  0.154142,  -0.952173,  1.33514,  9.86834,  238.924,  0.228022,  0.0321645,  0.125702,  94.4641,  93.2509,  93.6271,  94.2571,  96.8811,  104.109,  115.577,  131.22,  150.289,  169.982,  188.302,  204.588,  218.058,  227.044,  232.717,  237.18,  240.016,  104.221,  115.552,  129.291,  142.083,  153.879,  180.464,  194.56,  207.809,  220.944,  230.776,  166.502,  165.258,  163.872,  162.415,  146.278,  153.135,  160.374,  168.455,  175.801,  118.153,  126.824,  137.082,  144.868,  135.698,  125.704,  188.319,  197.437,  207.393,  214.625,  207.152,  197.578,  129.862,  140.869,  151.25,  158.324,  166.845,  176.879,  185.994,  175.887,  165.404,  156.37,  148.463,  138.927,  134.826,  150.141,  157.631,  166.132,  181.316,  165.917,  157.267,  149.81,  76.8191,  94.711,  112.573,  129.837,  148.539,  166.976,  184.295,  200.414,  207.812,  206.931,  197.207,  184.019,  168.824,  151.542,  133.285,  114.318,  94.6057,  70.1721,  66.7364,  69.2006,  74.3315,  80.3901,  82.4037,  78.4981,  76.7639,  77.7937,  83.7892,  90.9747,  104.22,  117.68,  131.599,  135.455,  139.774,  143.047,  141.669,  139.524,  82.3728,  78.6551,  80.0018,  87.3951,  88.2371,  86.8461,  91.8479,  86.1238,  87.0867,  92.4325,  95.3184,  94.417,  159.186,  156.755,  156.04,  158.968,  157.869,  160.94,  166.019,  172.759,  175.43,  175.097,  173.301,  168.369,  160.515,  162.412,  164.061,  164.257,  166.079,  165.346,  165.216,  163.34, 0, 0, 0, 0, 0.524912, 0, 0, 0, 0, 0, 0.00800535, 0.107463, 0.0655163, 0.010948, 0.204122, 0.0365934, 0, 0, 0, 0, 1, 0, 0, 0, 0, 0, 0, 0, 0, 0, 1, 0, 0, 1, 0
17,  1.06667,  0.915251,  1,  0.164688,  0.197823,  -0.966304,  -0.263876,  0.15428,  -0.952138,  1.35743,  9.87081,  238.864,  0.228658,  0.0325794,  0.124938,  94.4469,  93.2379,  93.6271,  94.2813,  96.9454,  104.218,  115.734,  131.385,  150.459,  170.154,  188.463,  204.721,  218.156,  227.109,  232.761,  237.198,  240.009,  104.199,  115.516,  129.214,  141.965,  153.744,  180.576,  194.64,  207.852,  220.95,  230.782,  166.501,  165.251,  163.862,  162.402,  146.293,  153.145,  160.38,  168.458,  175.803,  118.148,  126.81,  137.064,  144.853,  135.683,  125.693,  188.322,  197.435,  207.394,  214.632,  207.153,  197.579,  129.893,  140.886,  151.254,  158.335,  166.858,  176.893,  186.028,  175.923,  165.443,  156.407,  148.5,  138.968,  134.839,  150.164,  157.655,  166.162,  181.35,  165.952,  157.299,  149.842,  76.8219,  94.737,  112.618,  129.904,  148.614,  167.033,  184.319,  200.372,  207.737,  206.832,  197.098,  183.931,  168.758,  151.51,  133.285,  114.34,  94.6393,  70.0599,  66.6774,  69.1564,  74.3002,  80.3541,  82.4138,  78.5107,  76.7539,  77.7362,  83.6577,  90.9901,  104.23,  117.687,  131.602,  135.48,  139.792,  143.062,  141.688,  139.532,  82.3575,  78.6479,  79.9907,  87.378,  88.2267,  86.838,  91.8492,  86.1253,  87.0822,  92.4214,  95.3147,  94.4169,  159.209,  156.837,  156.143,  159.066,  157.965,  161.007,  166.02,  172.738,  175.411,  175.088,  173.295,  168.367,  160.541,  162.478,  164.124,  164.31,  166.094,  165.373,  165.249,  163.379, 0.0454403, 0, 0, 0, 0.556872, 0, 0, 0, 0, 0, 0.0703874, 0.136843, 0.0457635, 0.0355197, 0.173164, 0.0365934, 0, 0, 0, 0, 1, 0, 0, 0, 0, 0, 0, 0, 0, 0, 1, 0, 0, 1, 0
18,  1.13333,  0.914492,  1,  0.156218,  0.202631,  -0.966714,  -0.261019,  0.156443,  -0.952573,  1.25386,  10.3085,  239.429,  0.228739,  0.0324553,  0.122561,  94.3387,  93.2189,  93.662,  94.3514,  97.0076,  104.237,  115.757,  131.378,  150.395,  170.007,  188.226,  204.472,  217.973,  227.002,  232.701,  237.214,  240.131,  103.905,  115.092,  128.82,  141.681,  153.591,  180.076,  194.215,  207.481,  220.648,  230.546,  166.166,  164.951,  163.585,  162.151,  146.116,  152.977,  160.243,  168.324,  175.671,  117.963,  126.608,  136.83,  144.638,  135.518,  125.554,  188.101,  197.184,  207.103,  214.386,  206.897,  197.344,  130.144,  141.061,  151.317,  158.308,  166.737,  176.68,  185.805,  175.797,  165.454,  156.519,  148.705,  139.247,  135.091,  150.247,  157.647,  166.06,  181.165,  165.891,  157.34,  149.974,  77.59,  95.4612,  113.231,  130.396,  148.942,  167.215,  184.382,  200.35,  207.674,  206.787,  197.221,  184.186,  169.054,  151.772,  133.478,  114.483,  94.7024,  71.387,  67.8084,  70.1232,  75.1138,  81.029,  82.8994,  79.0984,  77.3964,  78.4906,  84.5085,  91.5632,  104.785,  118.22,  132.106,  135.938,  140.227,  143.468,  142.049,  139.897,  83.2466,  79.5669,  80.8433,  88.1236,  88.9959,  87.6769,  92.4033,  86.7247,  87.6787,  92.928,  95.8187,  94.9436,  159.783,  157.354,  156.579,  159.448,  158.32,  161.333,  166.292,  172.876,  175.525,  175.228,  173.493,  168.738,  161.073,  162.843,  164.451,  164.613,  166.369,  165.542,  165.435,  163.604, 0.0498632, 0, 0, 0, 0.601902, 0, 0, 0, 0, 0, 0.134122, 0.105758, 0.000169982, 0.0599457, 0.103934, 0.0344237, 0, 0, 0, 0, 1, 0, 0, 0, 0, 0, 0, 0, 0, 0, 1, 0, 0, 1, 0
19,  1.2,  0.914195,  1,  0.157473,  0.201546,  -0.966738,  -0.266579,  0.152431,  -0.951683,  1.13238,  10.3594,  239.248,  0.231254,  0.0326646,  0.122417,  94.0721,  92.9524,  93.4096,  94.1331,  96.8415,  104.111,  115.65,  131.246,  150.245,  169.853,  188.116,  204.425,  217.98,  227.023,  232.713,  237.202,  240.096,  103.615,  114.803,  128.519,  141.36,  153.24,  180.033,  194.167,  207.453,  220.629,  230.546,  165.977,  164.771,  163.416,  161.99,  145.975,  152.847,  160.107,  168.176,  175.526,  117.675,  126.34,  136.591,  144.432,  135.277,  125.287,  187.981,  197.075,  207.038,  214.361,  206.836,  197.242,  130.024,  140.936,  151.209,  158.215,  166.652,  176.638,  185.788,  175.769,  165.39,  156.438,  148.609,  139.135,  134.988,  150.143,  157.556,  165.978,  181.123,  165.82,  157.257,  149.875,  77.6353,  95.4711,  113.203,  130.312,  148.804,  167.032,  184.177,  200.19,  207.582,  206.719,  197.151,  184.145,  169.052,  151.809,  133.531,  114.551,  94.8081,  71.1981,  67.7068,  70.1072,  75.1836,  81.1766,  83.132,  79.2487,  77.4723,  78.4872,  84.4403,  91.8016,  104.981,  118.37,  132.211,  136.051,  140.332,  143.556,  142.143,  139.997,  83.2594,  79.6175,  80.9126,  88.2135,  89.08,  87.735,  92.5579,  86.8691,  87.8125,  93.0461,  95.9643,  95.1024,  159.789,  157.387,  156.618,  159.492,  158.362,  161.374,  166.32,  172.984,  175.694,  175.392,  173.652,  168.821,  161.088,  162.923,  164.53,  164.7,  166.396,  165.669,  165.55,  163.711, 0.0498632, 0, 0, 0, 0.667383, 0, 0, 0, 0, 0, 0.157828, 0.0997776, 0, 0.0531022, 0.0631607, 0.0176361, 0, 0, 0, 0, 1, 0, 0, 0, 0, 0, 0, 0, 0, 0, 1, 0, 0, 1, 0
20,  1.26667,  0.91115,  1,  0.157215,  0.212822,  -0.96436,  -0.273154,  0.147113,  -0.950655,  1.03958,  10.5343,  239.363,  0.234685,  0.0342882,  0.123966,  94.0259,  92.946,  93.4227,  94.1024,  96.7668,  104.019,  115.563,  131.102,  150.08,  169.747,  188.112,  204.492,  218.018,  226.995,  232.648,  237.125,  239.994,  103.548,  114.804,  128.509,  141.312,  153.206,  180.105,  194.183,  207.4,  220.531,  230.443,  166.048,  164.809,  163.43,  161.986,  145.993,  152.827,  160.037,  168.057,  175.355,  117.694,  126.365,  136.622,  144.422,  135.259,  125.263,  187.927,  197.024,  206.992,  214.304,  206.757,  197.161,  129.91,  140.785,  151.078,  158.039,  166.432,  176.355,  185.438,  175.416,  165.059,  156.157,  148.365,  138.909,  134.84,  150.009,  157.378,  165.753,  180.761,  165.564,  157.044,  149.708,  77.4237,  95.3067,  113.096,  130.261,  148.793,  167.044,  184.195,  200.233,  207.662,  206.778,  197.123,  184.064,  168.971,  151.791,  133.639,  114.798,  95.1942,  71.2361,  67.8708,  70.3258,  75.4435,  81.4675,  83.5172,  79.7482,  78.017,  78.9705,  84.8204,  92.1189,  105.26,  118.609,  132.417,  136.225,  140.49,  143.719,  142.368,  140.256,  83.3448,  79.7423,  81.0738,  88.431,  89.27,  87.8746,  92.8497,  87.1778,  88.1479,  93.4068,  96.3196,  95.4303,  159.88,  157.453,  156.706,  159.594,  158.475,  161.535,  166.542,  173.226,  175.931,  175.613,  173.866,  168.99,  161.174,  163.013,  164.627,  164.814,  166.607,  165.876,  165.754,  163.921, 0.00442284, 0.00992103, 0, 0, 0.679601, 0, 0.0160065, 0, 0, 0, 0.0954457, 0.042476, 0, 0.0285305, 0.0764458, 0.0176361, 0, 0, 0, 0, 1, 0, 0, 0, 0, 0, 0, 0, 0, 0, 1, 0, 0, 1, 0
21,  1.33333,  0.910496,  1,  0.15832,  0.212556,  -0.964238,  -0.268167,  0.150993,  -0.951466,  0.927041,  10.7378,  239.557,  0.235081,  0.0344387,  0.124276,  94.078,  92.9695,  93.4055,  94.0402,  96.6026,  103.731,  115.229,  130.832,  149.89,  169.574,  187.907,  204.234,  217.797,  226.842,  232.56,  237.1,  240.037,  103.536,  114.82,  128.497,  141.276,  153.149,  179.745,  193.899,  207.146,  220.324,  230.344,  165.8,  164.564,  163.178,  161.725,  145.708,  152.571,  159.836,  167.917,  175.275,  117.609,  126.268,  136.499,  144.31,  135.169,  125.202,  187.811,  196.897,  206.828,  214.153,  206.611,  197.049,  129.714,  140.611,  150.89,  157.912,  166.394,  176.354,  185.469,  175.489,  165.125,  156.135,  148.287,  138.805,  134.667,  149.832,  157.26,  165.725,  180.811,  165.568,  156.962,  149.567,  77.7199,  95.5278,  113.226,  130.285,  148.741,  166.98,  184.185,  200.303,  207.78,  206.94,  197.391,  184.369,  169.267,  152.05,  133.866,  114.984,  95.3026,  71.6873,  68.431,  70.9464,  76.0068,  81.9158,  83.8642,  80.1417,  78.4289,  79.406,  85.2362,  92.3299,  105.453,  118.795,  132.592,  136.356,  140.654,  143.897,  142.51,  140.38,  83.6127,  80.0023,  81.3061,  88.6244,  89.4492,  88.0865,  93.0081,  87.3394,  88.3049,  93.5444,  96.4262,  95.5433,  160.143,  157.719,  156.946,  159.831,  158.715,  161.734,  166.737,  173.298,  176.009,  175.7,  173.953,  169.151,  161.442,  163.198,  164.819,  165.003,  166.797,  166.028,  165.9,  164.05, 0, 0.00992103, 0, 0, 0.688656, 0, 0.0160065, 0.0110408, 0, 0, 0.0237061, 0.0936003, 0, 0, 0.130771, 0, 0, 0, 0, 0, 1, 0, 0, 0, 0, 0, 0, 0, 0, 0, 1, 0, 0, 1, 0
22,  1.4,  0.913693,  1,  0.159778,  0.209799,  -0.964601,  -0.271668,  0.155045,  -0.94982,  0.890948,  10.7793,  239.782,  0.236577,  0.0358286,  0.123599,  94.1143,  92.9963,  93.4271,  94.0727,  96.6161,  103.71,  115.17,  130.778,  149.819,  169.481,  187.809,  204.163,  217.779,  226.88,  232.627,  237.195,  240.177,  103.566,  114.777,  128.389,  141.133,  152.973,  179.797,  193.933,  207.141,  220.302,  230.364,  165.692,  164.458,  163.067,  161.605,  145.644,  152.499,  159.765,  167.851,  175.216,  117.582,  126.241,  136.476,  144.284,  135.148,  125.185,  187.801,  196.869,  206.813,  214.149,  206.618,  197.047,  129.692,  140.584,  150.852,  157.866,  166.33,  176.319,  185.478,  175.458,  165.069,  156.095,  148.256,  138.779,  134.649,  149.781,  157.204,  165.65,  180.832,  165.485,  156.902,  149.51,  77.9767,  95.7276,  113.342,  130.33,  148.724,  166.942,  184.145,  200.276,  207.753,  206.924,  197.413,  184.404,  169.292,  152.047,  133.811,  114.872,  95.1275,  71.7274,  68.4365,  70.9174,  75.932,  81.7838,  83.7096,  79.9581,  78.2335,  79.2044,  85.0326,  92.3615,  105.515,  118.89,  132.711,  136.427,  140.736,  143.977,  142.567,  140.436,  83.7658,  80.1516,  81.4487,  88.7368,  89.5926,  88.2367,  93.0698,  87.4117,  88.3546,  93.5713,  96.4817,  95.6198,  160.132,  157.73,  156.97,  159.85,  158.738,  161.736,  166.715,  173.324,  176.032,  175.716,  173.966,  169.158,  161.441,  163.231,  164.855,  165.043,  166.79,  166.055,  165.914,  164.061, 0, 0.0185561, 0, 0, 0.698557, 0, 0.0160065, 0.0131922, 0, 0, 0, 0.0868274, 0, 0, 0.202388, 0, 0, 0, 0, 0, 1, 0, 0, 0, 1, 0, 0, 0, 0, 0, 1, 0, 0, 1, 0
23,  1.46667,  0.913581,  1,  0.161358,  0.209472,  -0.964409,  -0.272664,  0.156719,  -0.949259,  0.789574,  10.7947,  239.68,  0.236986,  0.0362288,  0.123346,  94.0127,  92.8834,  93.3079,  93.9616,  96.4837,  103.527,  114.952,  130.547,  149.597,  169.278,  187.643,  204.058,  217.744,  226.885,  232.644,  237.221,  240.216,  103.4,  114.583,  128.187,  140.939,  152.771,  179.657,  193.823,  207.064,  220.246,  230.342,  165.491,  164.271,  162.887,  161.428,  145.511,  152.369,  159.631,  167.705,  175.073,  117.365,  126.039,  136.301,  144.141,  134.987,  125.001,  187.727,  196.815,  206.79,  214.153,  206.609,  197.004,  129.591,  140.471,  150.759,  157.788,  166.268,  176.317,  185.49,  175.47,  165.035,  156.035,  148.174,  138.674,  134.578,  149.68,  157.12,  165.581,  180.839,  165.422,  156.817,  149.406,  78.2054,  95.8618,  113.369,  130.249,  148.565,  166.763,  184.004,  200.247,  207.804,  206.998,  197.491,  184.463,  169.33,  152.05,  133.777,  114.814,  95.0582,  71.7668,  68.4893,  70.9923,  76.0065,  81.8483,  83.7568,  79.9601,  78.2121,  79.1924,  85.0298,  92.4063,  105.531,  118.878,  132.673,  136.448,  140.746,  143.96,  142.543,  140.431,  83.7901,  80.1644,  81.4622,  88.7648,  89.6212,  88.265,  93.0874,  87.4109,  88.3483,  93.5651,  96.4933,  95.6394,  160.145,  157.708,  156.928,  159.808,  158.689,  161.703,  166.722,  173.433,  176.201,  175.884,  174.131,  169.266,  161.458,  163.242,  164.864,  165.059,  166.791,  166.16,  166.01,  164.145, 0.0249344, 0.0455468, 0, 0, 0.706116, 0, 0, 0.0324511, 0, 0, 0, 0.0868274, 0, 0, 0.178091, 0, 0, 0, 0, 0, 1, 0, 0, 0, 1, 0, 0, 0, 0, 0, 1, 0, 0, 1, 0
24,  1.53333,  0.91214,  1,  0.162889,  0.212656,  -0.963454,  -0.272838,  0.157589,  -0.949065,  0.693006,  10.7865,  239.573,  0.236527,  0.0381504,  0.124239,  94.0465,  92.9034,  93.3251,  93.9632,  96.4437,  103.434,  114.8,  130.37,  149.397,  169.079,  187.48,  203.938,  217.668,  226.857,  232.67,  237.29,  240.316,  103.374,  114.536,  128.098,  140.802,  152.601,  179.646,  193.794,  207.005,  220.195,  230.353,  165.405,  164.156,  162.741,  161.248,  145.328,  152.193,  159.476,  167.585,  174.986,  117.329,  126.006,  136.273,  144.109,  134.94,  124.953,  187.697,  196.788,  206.777,  214.153,  206.592,  196.975,  129.426,  140.29,  150.581,  157.623,  166.12,  176.17,  185.351,  175.315,  164.87,  155.856,  147.982,  138.486,  134.415,  149.493,  156.95,  165.426,  180.686,  165.266,  156.651,  149.226,  78.0975,  95.7722,  113.293,  130.187,  148.519,  166.745,  184.012,  200.251,  207.826,  207.06,  197.604,  184.591,  169.471,  152.194,  133.905,  114.91,  95.1146,  71.5601,  68.3075,  70.8436,  75.8776,  81.7207,  83.6968,  79.9168,  78.163,  79.1016,  84.9265,  92.3675,  105.514,  118.882,  132.696,  136.413,  140.737,  143.974,  142.558,  140.444,  83.6803,  80.0813,  81.3972,  88.7159,  89.5581,  88.1819,  93.0801,  87.4199,  88.3621,  93.5785,  96.5102,  95.6498,  160.205,  157.726,  156.923,  159.822,  158.711,  161.764,  166.847,  173.504,  176.242,  175.909,  174.145,  169.298,  161.523,  163.271,  164.906,  165.119,  166.909,  166.164,  165.995,  164.121, 0.0293522, 0.0586619, 0, 0, 0.70017, 0, 0, 0.0333016, 0, 0, 0, 0.0237255, 0, 0, 0.193636, 0.0151573, 0, 0, 0, 0, 1, 0, 0, 0, 1, 0, 0, 0, 0, 0, 1, 0, 0, 1, 0
25,  1.6,  0.909236,  1,  0.158816,  0.215926,  -0.963407,  -0.271141,  0.15857,  -0.949388,  0.558064,  10.9323,  239.312,  0.238271,  0.0385002,  0.124319,  93.8971,  92.7566,  93.1791,  93.8115,  96.3033,  103.322,  114.725,  130.316,  149.374,  169.091,  187.503,  203.949,  217.631,  226.761,  232.536,  237.114,  240.067,  103.223,  114.529,  128.157,  140.868,  152.651,  179.349,  193.54,  206.821,  220.072,  230.245,  165.303,  164.048,  162.636,  161.154,  145.162,  152.041,  159.336,  167.453,  174.853,  117.115,  125.8,  136.077,  143.937,  134.734,  124.728,  187.485,  196.628,  206.615,  214.007,  206.418,  196.792,  129.23,  140.107,  150.42,  157.451,  165.935,  175.969,  185.139,  175.088,  164.657,  155.657,  147.791,  138.287,  134.217,  149.339,  156.782,  165.246,  180.449,  165.084,  156.477,  149.067,  78.0113,  95.7083,  113.304,  130.262,  148.637,  166.898,  184.202,  200.488,  208.066,  207.237,  197.665,  184.555,  169.396,  152.131,  133.904,  114.983,  95.2869,  71.5974,  68.4786,  71.1288,  76.2413,  82.1673,  84.1125,  80.3242,  78.5394,  79.4385,  85.2424,  92.6368,  105.789,  119.163,  132.989,  136.623,  140.955,  144.207,  142.802,  140.679,  83.7381,  80.1763,  81.5201,  88.8796,  89.6837,  88.2836,  93.26,  87.5886,  88.5388,  93.7482,  96.6839,  95.8166,  160.37,  157.871,  157.049,  159.953,  158.833,  161.915,  167.034,  173.696,  176.433,  176.099,  174.344,  169.493,  161.693,  163.419,  165.048,  165.263,  167.08,  166.3,  166.14,  164.279, 0.0293522, 0.0500268, 0, 0, 0.685625, 0, 0.0035431, 0.0311501, 0, 0, 0, 0.0143544, 0, 0.0153389, 0.209544, 0.0904971, 0, 0, 0, 0, 1, 0, 0, 0, 1, 0, 0, 0, 0, 0, 1, 0, 0, 1, 0
26,  1.66667,  0.907826,  1,  0.159507,  0.213938,  -0.963736,  -0.269676,  0.159545,  -0.949642,  0.488675,  11.0137,  239.227,  0.236672,  0.0382561,  0.123625,  93.6843,  92.5497,  92.9869,  93.6781,  96.2563,  103.326,  114.697,  130.239,  149.284,  169.009,  187.439,  203.898,  217.585,  226.711,  232.47,  237.04,  240.014,  103.111,  114.444,  128.087,  140.807,  152.582,  179.279,  193.499,  206.804,  220.05,  230.206,  165.185,  163.942,  162.537,  161.062,  145.114,  151.977,  159.249,  167.344,  174.728,  116.993,  125.682,  135.961,  143.821,  134.624,  124.62,  187.414,  196.557,  206.542,  213.923,  206.348,  196.725,  129.176,  140.074,  150.377,  157.388,  165.866,  175.93,  185.137,  175.051,  164.6,  155.608,  147.76,  138.266,  134.164,  149.292,  156.716,  165.175,  180.455,  165.013,  156.411,  149.018,  78.2468,  95.9287,  113.525,  130.5,  148.913,  167.202,  184.528,  200.846,  208.404,  207.547,  197.915,  184.747,  169.525,  152.217,  133.952,  115.024,  95.3216,  71.8032,  68.6763,  71.3119,  76.3948,  82.2869,  84.1819,  80.3622,  78.5748,  79.5111,  85.3359,  92.6536,  105.781,  119.136,  132.946,  136.695,  141.009,  144.238,  142.826,  140.703,  83.8951,  80.3014,  81.6193,  88.9375,  89.782,  88.4095,  93.2946,  87.6343,  88.5833,  93.7948,  96.7272,  95.8599,  160.375,  157.937,  157.143,  160.025,  158.905,  161.947,  167.005,  173.689,  176.422,  176.101,  174.351,  169.496,  161.71,  163.491,  165.111,  165.307,  167.06,  166.331,  166.189,  164.333, 0.0488021, 0.0732259, 0, 0.061125, 0.676246, 0, 0.0035431, 0.0118912, 0, 0, 0.0424545, 0.117135, 0.0649322, 0.0352199, 0.269277, 0.0904971, 0, 0, 0, 0, 1, 0, 0, 0, 1, 0, 0, 0, 0, 0, 1, 0, 0, 1, 0
27,  1.73333,  0.910461,  1,  0.161397,  0.213368,  -0.963548,  -0.268788,  0.159252,  -0.949943,  0.403401,  10.9936,  239.298,  0.237893,  0.0391536,  0.123206,  93.594,  92.4571,  92.8956,  93.5909,  96.1768,  103.258,  114.677,  130.254,  149.305,  169.018,  187.447,  203.898,  217.573,  226.671,  232.411,  236.968,  239.945,  102.945,  114.169,  127.779,  140.497,  152.284,  179.284,  193.486,  206.78,  220.011,  230.149,  165.036,  163.781,  162.364,  160.873,  144.983,  151.849,  159.117,  167.208,  174.601,  116.896,  125.582,  135.867,  143.726,  134.536,  124.528,  187.344,  196.478,  206.49,  213.882,  206.3,  196.657,  129.091,  139.966,  150.268,  157.29,  165.763,  175.86,  185.109,  175.015,  164.546,  155.555,  147.702,  138.194,  134.078,  149.2,  156.631,  165.086,  180.414,  164.936,  156.339,  148.94,  78.2872,  95.9392,  113.476,  130.402,  148.772,  167.036,  184.344,  200.622,  208.17,  207.29,  197.684,  184.594,  169.45,  152.217,  134.001,  115.105,  95.423,  71.7255,  68.5477,  71.1595,  76.275,  82.2114,  84.1766,  80.3101,  78.4919,  79.4082,  85.221,  92.7071,  105.805,  119.132,  132.911,  136.694,  140.992,  144.206,  142.793,  140.671,  83.8732,  80.282,  81.6049,  88.9354,  89.7851,  88.3999,  93.3299,  87.6554,  88.5904,  93.803,  96.7539,  95.8981,  160.357,  157.968,  157.187,  160.064,  158.939,  161.961,  166.974,  173.681,  176.443,  176.13,  174.388,  169.516,  161.687,  163.534,  165.148,  165.34,  167.043,  166.365,  166.22,  164.368, 0.140339, 0.114796, 0, 0.208993, 0.65365, 0, 0.0035431, 0.00266934, 0, 0, 0.0424545, 0.150678, 0.0649322, 0.0441846, 0.231303, 0.0753398, 0, 0, 0, 0, 1, 0, 0, 0, 1, 0, 0, 0, 0, 0, 1, 0, 0, 1, 0
28,  1.8,  0.911392,  1,  0.162104,  0.215951,  -0.962854,  -0.269236,  0.161204,  -0.949487,  0.417874,  11.0096,  239.391,  0.248334,  0.038876,  0.122487,  93.4547,  92.3927,  92.9321,  93.7403,  96.4584,  103.639,  115.032,  130.485,  149.384,  168.988,  187.328,  203.781,  217.432,  226.553,  232.361,  236.943,  239.927,  102.86,  114.039,  127.677,  140.438,  152.24,  179.415,  193.563,  206.834,  220.043,  230.105,  165.139,  163.882,  162.476,  161.001,  145.103,  151.951,  159.207,  167.281,  174.649,  116.89,  125.568,  135.85,  143.675,  134.497,  124.485,  187.374,  196.459,  206.471,  213.842,  206.266,  196.617,  129.495,  140.234,  150.456,  157.34,  165.625,  175.567,  184.652,  174.683,  164.345,  155.544,  147.83,  138.434,  134.459,  149.399,  156.687,  164.952,  179.962,  164.774,  156.361,  149.102,  77.8559,  95.5708,  113.154,  130.139,  148.589,  166.879,  184.16,  200.398,  207.956,  206.992,  197.238,  184.034,  168.854,  151.714,  133.586,  114.77,  95.1876,  71.4963,  68.2607,  70.8514,  76.0437,  82.0848,  84.102,  80.2227,  78.3608,  79.2054,  84.9637,  92.8669,  105.968,  119.279,  133.048,  136.708,  141.013,  144.232,  142.842,  140.692,  83.7946,  80.2683,  81.6118,  88.9334,  89.8025,  88.3839,  93.3399,  87.6924,  88.6161,  93.7741,  96.7802,  95.9422,  160.604,  158.139,  157.302,  160.158,  159.026,  162.057,  167.1,  173.889,  176.656,  176.345,  174.625,  169.753,  161.91,  163.601,  165.185,  165.375,  167.165,  166.649,  166.522,  164.701, 0.1925, 0.184822, 0, 0.264921, 0.637184, 0, 0, 0.00266934, 0, 0, 0.0424545, 0.138098, 0.0649322, 0.068604, 0.135016, 0, 0, 0, 0, 0, 1, 0, 0, 0, 1, 0, 0, 0, 0, 0, 1, 0, 0, 1, 0
29,  1.86667,  0.916191,  1,  0.153227,  0.21847,  -0.963739,  -0.273058,  0.164715,  -0.947791,  0.373851,  11.3271,  239.306,  0.252656,  0.037351,  0.119394,  93.4644,  92.3986,  92.9227,  93.7477,  96.507,  103.714,  115.126,  130.64,  149.535,  169.069,  187.274,  203.652,  217.298,  226.47,  232.318,  236.831,  239.755,  102.801,  113.798,  127.432,  140.265,  152.085,  178.821,  192.98,  206.32,  219.576,  229.63,  164.829,  163.65,  162.323,  160.92,  145.02,  151.9,  159.199,  167.295,  174.692,  116.874,  125.469,  135.669,  143.537,  134.413,  124.465,  187.01,  196.065,  205.988,  213.354,  205.805,  196.224,  129.679,  140.427,  150.606,  157.452,  165.686,  175.625,  184.801,  174.842,  164.558,  155.818,  148.17,  138.756,  134.637,  149.597,  156.83,  165.052,  180.143,  164.899,  156.544,  149.338,  78.3727,  95.9037,  113.31,  130.179,  148.608,  166.953,  184.392,  200.831,  208.447,  207.405,  197.55,  184.237,  168.965,  151.749,  133.493,  114.616,  94.9795,  72.0728,  68.7028,  71.2117,  76.4105,  82.4895,  84.4438,  80.4577,  78.5526,  79.4528,  85.2514,  93.3077,  106.386,  119.666,  133.418,  137.08,  141.405,  144.623,  143.167,  140.963,  84.3012,  80.8309,  82.134,  89.3202,  90.212,  88.8621,  93.6285,  88.0473,  88.9547,  93.9985,  97.0005,  96.1963,  160.941,  158.741,  157.956,  160.767,  159.616,  162.472,  167.197,  174.113,  176.931,  176.661,  174.972,  170.123,  162.264,  164.103,  165.668,  165.801,  167.308,  167.09,  167.002,  165.191, 0.165359, 0.124711, 0, 0.203796, 0.645749, 0, 0, 0.0907793, 0, 0, 0, 0.0353173, 0, 0.111983, 0.0443858, 0, 0.0198623, 0, 0, 0, 1, 0, 0, 0, 1, 0, 0, 0, 0, 0, 1, 0, 0, 0, 0
30,  1.93333,  0.914576,  1,  0.148416,  0.213291,  -0.96565,  -0.280198,  0.163096,  -0.945986,  0.392798,  11.7611,  238.903,  0.257219,  0.034787,  0.11706,  93.3097,  92.3028,  92.8611,  93.6811,  96.4061,  103.589,  115.039,  130.725,  149.798,  169.402,  187.562,  203.778,  217.317,  226.422,  232.245,  236.737,  239.584,  102.622,  113.793,  127.505,  140.389,  152.246,  178.363,  192.602,  206.01,  219.334,  229.496,  164.732,  163.624,  162.373,  161.044,  144.946,  151.921,  159.301,  167.46,  174.907,  116.675,  125.286,  135.493,  143.442,  134.285,  124.336,  186.879,  195.977,  205.883,  213.275,  205.711,  196.142,  129.433,  140.175,  150.48,  157.603,  166.15,  176.21,  185.232,  175.443,  165.053,  155.972,  148.037,  138.479,  134.445,  149.5,  156.994,  165.531,  180.562,  165.35,  156.66,  149.173,  78.6974,  96.2568,  113.656,  130.505,  148.978,  167.417,  185.063,  201.706,  209.359,  208.191,  198.134,  184.564,  169.092,  151.72,  133.43,  114.524,  94.8648,  72.6121,  69.4065,  72.0368,  77.2169,  83.2358,  85.067,  81.0936,  79.1883,  80.0421,  85.7276,  93.7563,  106.73,  119.913,  133.585,  137.348,  141.675,  144.903,  143.427,  141.21,  84.7082,  81.2225,  82.4862,  89.6737,  90.5187,  89.2001,  93.9115,  88.3208,  89.2225,  94.2364,  97.2092,  96.4143,  161.585,  159.108,  158.206,  161.074,  159.904,  162.814,  167.786,  174.914,  177.969,  177.74,  176.006,  171.012,  162.883,  164.386,  165.992,  166.129,  167.851,  168.06,  168.004,  166.127, 0.0694048, 0.0700262, 0, 0.0559282, 0.740699, 0, 0, 0.119698, 0, 0, 0, 0.0393149, 0, 0.143322, 0.0176717, 0, 0.0247916, 0, 0, 0, 1, 0, 0, 0, 1, 0, 0, 0, 0, 0, 1, 0, 0, 0, 0
31,  2,  0.916785,  1,  0.151491,  0.211609,  -0.965542,  -0.273467,  0.164722,  -0.947672,  0.130452,  11.7678,  238.949,  0.247678,  0.0377175,  0.112385,  93.1418,  92.1271,  92.7259,  93.6698,  96.6044,  103.933,  115.289,  130.83,  149.809,  169.427,  187.674,  203.947,  217.432,  226.385,  232.008,  236.303,  238.94,  102.443,  113.489,  127.149,  140.002,  151.835,  177.815,  192.053,  205.483,  218.806,  228.838,  164.26,  163.181,  161.958,  160.659,  144.683,  151.647,  158.983,  167.11,  174.544,  116.427,  124.998,  135.18,  143.145,  134.012,  124.082,  186.329,  195.4,  205.307,  212.7,  205.151,  195.586,  129.035,  139.75,  150.154,  157.329,  165.923,  176.176,  185.315,  175.383,  164.824,  155.688,  147.68,  138.063,  134.065,  149.16,  156.713,  165.308,  180.601,  165.114,  156.376,  148.838,  79.1718,  96.7409,  114.247,  131.226,  149.836,  168.347,  185.981,  202.467,  209.945,  208.673,  198.418,  184.628,  169.057,  151.609,  133.292,  114.392,  94.7576,  73.0286,  69.6456,  72.0669,  77.1256,  83.0756,  84.837,  80.7382,  78.8218,  79.8173,  85.7048,  93.452,  106.336,  119.437,  133.043,  137.295,  141.505,  144.652,  143.173,  140.996,  84.8941,  81.3425,  82.5428,  89.6662,  90.5546,  89.3017,  93.6947,  88.1338,  89.0318,  94.058,  96.9967,  96.1868,  161.674,  159.069,  158.078,  160.961,  159.76,  162.763,  167.83,  175.129,  178.212,  178.002,  176.255,  171.178,  162.977,  164.549,  166.14,  166.271,  167.901,  167.96,  167.905,  166.037, 0.0202923, 0, 0, 0, 0.780086, 0, 0.036236, 0.150953, 0, 0, 0, 0.0514658, 0, 0.103564, 0.0485198, 0.0389759, 0.0292752, 0, 0, 0, 1, 0, 0, 0, 1, 0, 0, 0, 0, 0, 1, 0, 0, 0, 0
32,  2.06667,  0.917085,  1,  0.151441,  0.203363,  -0.967321,  -0.275798,  0.163675,  -0.947178,  -0.238484,  11.3421,  239.089,  0.235147,  0.0437242,  0.1076,  92.9104,  91.9198,  92.6235,  93.7404,  96.8245,  104.233,  115.624,  131.1,  149.955,  169.493,  187.68,  203.937,  217.386,  226.276,  231.831,  236.066,  238.635,  102.104,  113.062,  126.625,  139.388,  151.137,  177.33,  191.51,  204.896,  218.225,  228.309,  163.614,  162.502,  161.242,  159.912,  144.208,  151.112,  158.412,  166.511,  173.925,  115.947,  124.51,  134.716,  142.682,  133.552,  123.592,  185.827,  194.894,  204.856,  212.297,  204.756,  195.127,  128.938,  139.434,  149.781,  156.835,  165.272,  175.561,  184.762,  174.79,  164.231,  155.24,  147.336,  137.792,  133.95,  148.816,  156.247,  164.687,  180.028,  164.475,  155.888,  148.468,  79.394,  97.0559,  114.697,  131.809,  150.448,  168.885,  186.318,  202.396,  209.601,  208.271,  198.147,  184.475,  168.976,  151.546,  133.188,  114.172,  94.4297,  72.9951,  69.4311,  71.7167,  76.6332,  82.4532,  84.074,  79.9379,  77.9623,  78.9471,  84.9381,  92.6719,  105.514,  118.575,  132.142,  136.708,  140.809,  143.871,  142.392,  140.235,  84.635,  80.9678,  82.127,  89.3112,  90.2224,  89.0089,  93.0931,  87.4062,  88.2568,  93.3343,  96.3273,  95.5555,  161.49,  158.514,  157.326,  160.151,  158.913,  162.087,  167.41,  174.778,  177.829,  177.637,  175.958,  170.962,  162.716,  163.931,  165.444,  165.574,  167.464,  167.429,  167.384,  165.596, 0.00304824, 0, 0, 0.021611, 0.778738, 0, 0.0771041, 0.149915, 0, 0, 0, 0.0962602, 0, 0.0403043, 0.0485198, 0.056407, 0.0319082, 0, 0, 0, 1, 0, 0, 0, 1, 0, 0, 0, 0, 0, 1, 0, 0, 0, 0
33,  2.13333,  0.909986,  1,  0.148386,  0.210313,  -0.966308,  -0.276576,  0.16257,  -0.947141,  -0.59242,  10.822,  238.814,  0.230083,  0.0420192,  0.106644,  92.1601,  91.3064,  92.1459,  93.321,  96.4304,  103.895,  115.364,  130.886,  149.747,  169.283,  187.474,  203.711,  217.051,  225.824,  231.329,  235.558,  238.098,  101.414,  112.274,  125.895,  138.74,  150.607,  177.055,  191.131,  204.465,  217.793,  227.849,  163.376,  162.292,  161.067,  159.774,  144.08,  150.951,  158.213,  166.259,  173.608,  115.565,  124.121,  134.317,  142.279,  133.161,  123.209,  185.426,  194.453,  204.407,  211.846,  204.287,  194.668,  128.981,  139.363,  149.645,  156.539,  164.742,  174.837,  183.916,  174.033,  163.646,  154.891,  147.148,  137.704,  133.98,  148.68,  155.955,  164.155,  179.164,  163.953,  155.601,  148.347,  78.9107,  96.7096,  114.455,  131.64,  150.314,  168.701,  186.01,  201.885,  209.007,  207.69,  197.588,  183.978,  168.526,  151.139,  132.816,  113.824,  94.1382,  72.3979,  68.6081,  70.772,  75.7518,  81.7093,  83.4581,  79.3035,  77.273,  78.1221,  84.084,  92.0658,  104.967,  118.069,  131.679,  136.194,  140.277,  143.335,  141.867,  139.686,  84.0321,  80.4169,  81.5581,  88.6924,  89.629,  88.421,  92.4903,  86.876,  87.7428,  92.7802,  95.7704,  94.9812,  161.232,  158.083,  156.82,  159.635,  158.394,  161.692,  167.124,  174.393,  177.305,  177.088,  175.448,  170.558,  162.393,  163.486,  164.961,  165.12,  167.15,  166.765,  166.71,  164.984, 0.00304824, 0, 0, 0.021611, 0.734507, 0, 0.0771041, 0.176384, 0, 0, 0, 0.109143, 0, 0, 0.0308481, 0.113151, 0.0814591, 0, 0, 0, 1, 0, 0, 0, 1, 0, 0, 0, 0, 0, 1, 0, 0, 0, 0
34,  2.2,  0.914726,  1,  0.141394,  0.214514,  -0.966432,  -0.281582,  0.16323,  -0.945551,  -0.95841,  10.7847,  239.277,  0.238989,  0.0468231,  0.10699,  92.0756,  91.178,  91.977,  93.1707,  96.3519,  103.844,  115.284,  130.608,  149.337,  168.872,  187.14,  203.454,  216.817,  225.584,  231.064,  235.222,  237.763,  101.38,  112.236,  125.932,  138.824,  150.624,  176.255,  190.328,  203.779,  217.151,  227.168,  162.893,  161.747,  160.465,  159.119,  143.707,  150.473,  157.64,  165.614,  172.896,  115.509,  123.992,  134.083,  141.971,  132.941,  123.079,  184.9,  193.874,  203.731,  211.121,  203.592,  194.058,  128.956,  139.242,  149.352,  156.082,  164.144,  174.115,  183.212,  173.338,  163.106,  154.513,  146.953,  137.649,  133.866,  148.444,  155.531,  163.593,  178.493,  163.396,  155.184,  148.108,  78.4667,  96.2304,  113.987,  131.191,  149.883,  168.245,  185.536,  201.488,  208.649,  207.326,  197.201,  183.658,  168.227,  150.89,  132.608,  113.728,  94.1589,  72.1764,  68.4438,  70.7301,  75.8763,  82.049,  83.732,  79.5336,  77.4914,  78.39,  84.3556,  92.2175,  105.103,  118.174,  131.761,  136.169,  140.268,  143.322,  141.875,  139.688,  83.8979,  80.3663,  81.5533,  88.6195,  89.5357,  88.3038,  92.5789,  87.0273,  87.9078,  92.8967,  95.8563,  95.0684,  160.846,  158.05,  156.935,  159.689,  158.461,  161.588,  166.697,  174.001,  176.915,  176.726,  175.12,  170.251,  162.04,  163.309,  164.761,  164.868,  166.759,  166.724,  166.714,  165.009, 0.0295217, 0, 0, 0.021611, 0.873987, 0.466312, 0.0615421, 0.145128, 0, 0, 0, 0.137075, 0.0393547, 0, 0.0826068, 0.269551, 1.00514, 0, 0, 0, 1, 0, 0, 0, 1, 0, 0, 0, 0, 0, 1, 0, 0, 1, 0
35,  2.26667,  0.903934,  1,  0.20568,  0.278831,  -0.938056,  -0.213406,  0.213935,  -0.953252,  -0.86918,  13.3941,  250.766,  0.216185,  0.0529244,  0.1118,  95.3012,  93.3608,  92.9405,  93.5873,  96.7671,  104.238,  115.299,  130.35,  149.189,  168.956,  187.441,  203.355,  215.872,  224.343,  229.635,  233.528,  236.254,  109.255,  118.562,  131.15,  143.702,  154.836,  173.328,  186.926,  200.054,  212.745,  221.164,  163.22,  161.981,  160.629,  159.19,  144.425,  150.827,  157.691,  165.507,  172.573,  123.065,  130.765,  138.811,  145.487,  138.198,  130.204,  181.79,  189.425,  197.284,  203.844,  197.059,  189.423,  129.737,  139.488,  149.303,  156.029,  164.328,  173.743,  182.147,  172.574,  162.929,  154.24,  146.728,  137.822,  134.213,  148.345,  155.365,  163.675,  178.056,  163.251,  154.87,  147.839,  82.5885,  99.9401,  117.707,  135.149,  153.649,  171.538,  188.292,  202.929,  209.163,  207.833,  198.234,  185.15,  169.903,  152.56,  134.609,  116.4,  97.2177,  79.6608,  74.4323,  74.7669,  78.8946,  84.6793,  85.6575,  81.934,  80.8059,  83.7371,  91.1585,  95.3526,  106.98,  118.72,  130.984,  136.349,  140.178,  143.272,  141.876,  140.039,  90.3118,  88.0311,  88.7739,  93.5205,  94.1193,  93.4494,  96.9169,  93.6249,  94.6676,  98.4437,  100.033,  99.1225,  160.603,  157.595,  156.606,  159.501,  158.689,  161.806,  166.757,  173.984,  176.547,  176.326,  174.403,  169.751,  161.541,  162.68,  164.367,  164.656,  166.715,  167.058,  166.898,  165.024, 0.0788256, 0, 0, 0, 1.09392, 1.02961, 0.0880502, 0.0580558, 0, 0, 0.00829013, 0.113049, 0.0940309, 0, 0.337057, 0.490337, 1.88283, 0, 0, 0, 1, 0, 0, 0, 1, 0, 0, 0, 0, 0, 1, 0, 0, 1, 0
36,  2.33333,  0.895808,  1,  0.215049,  0.273008,  -0.937668,  -0.212048,  0.203528,  -0.95583,  -0.91155,  13.4939,  251.201,  0.191486,  0.0519413,  0.114354,  95.5967,  93.6635,  93.2806,  93.9702,  97.1216,  104.466,  115.345,  130.198,  148.886,  168.473,  186.691,  202.424,  214.979,  223.628,  229.118,  233.192,  236.061,  109.51,  118.673,  131.242,  143.844,  155.071,  173.366,  187.047,  200.197,  212.92,  221.186,  163.393,  162.108,  160.69,  159.197,  144.32,  150.702,  157.633,  165.554,  172.682,  123.42,  131.126,  139.141,  145.772,  138.559,  130.577,  181.879,  189.538,  197.349,  203.847,  197.129,  189.537,  129.427,  139.217,  149.125,  155.818,  164.149,  173.653,  182.15,  172.41,  162.635,  153.93,  146.404,  137.474,  133.887,  148.103,  155.128,  163.46,  178.129,  163.005,  154.608,  147.581,  83.9356,  101.325,  119.146,  136.602,  154.977,  172.733,  189.278,  203.503,  209.583,  208.425,  199.141,  186.231,  171.127,  153.9,  135.927,  117.582,  98.2328,  80.994,  75.3439,  75.2769,  79.0727,  84.5854,  85.3697,  81.7778,  80.8505,  84.1769,  91.9991,  94.6109,  106.515,  118.543,  131.063,  136.214,  140.072,  143.222,  141.794,  139.963,  90.2334,  87.7521,  88.4356,  93.2442,  93.7425,  93.1612,  96.4747,  93.0246,  94.091,  98.0257,  99.5,  98.5313,  160.493,  157.389,  156.432,  159.336,  158.562,  161.781,  166.853,  173.941,  176.345,  176.069,  174.105,  169.476,  161.454,  162.509,  164.227,  164.556,  166.828,  166.679,  166.479,  164.579, 0.0788256, 0, 0, 0, 1.08937, 1.17311, 0.212293, 0.0622222, 0, 0, 0.0313388, 0.0608516, 0.0940309, 0, 0.530474, 0.568648, 2.07423, 0, 0, 0, 1, 0, 0, 0, 1, 0, 0, 0, 0, 0, 1, 1, 0, 1, 0
37,  2.4,  0.921628,  1,  0.157812,  0.266964,  -0.950697,  -0.250331,  0.199764,  -0.947327,  -1.24082,  11.7245,  242.207,  0.178065,  0.0396287,  0.10316,  91.7397,  90.8621,  91.5592,  93.1203,  96.9888,  105.159,  116.525,  131.092,  149.273,  168.427,  186.133,  201.919,  215.284,  224.378,  230.011,  234.268,  236.79,  102.657,  114.126,  127.987,  140.903,  152.603,  173.845,  187.919,  201.334,  214.885,  225.243,  162.72,  161.633,  160.408,  159.187,  143.024,  149.953,  157.491,  165.81,  173.271,  115.557,  123.938,  133.257,  141.201,  132.491,  123.409,  184.27,  193.113,  202.094,  209.472,  201.824,  193.085,  128.293,  138.781,  149.025,  155.932,  164.343,  174.327,  183.176,  173.374,  163.096,  154.202,  146.355,  137.026,  133.141,  148.052,  155.359,  163.734,  178.703,  163.519,  154.967,  147.668,  83.2874,  101.26,  119.347,  136.69,  155.044,  172.533,  188.611,  202.861,  209.088,  208.061,  198.787,  186.024,  171.083,  153.725,  135.354,  116.327,  96.8661,  75.4672,  71.6722,  73.5734,  78.0023,  83.5965,  84.5927,  81.0408,  79.4785,  80.8039,  87.0456,  92.0433,  104.878,  117.867,  131.359,  135.574,  139.7,  142.901,  141.325,  139.144,  86.0984,  83.3068,  84.0246,  89.6549,  90.2982,  89.5418,  93.3397,  89.1805,  90.3551,  94.5311,  96.5134,  95.4746,  160.878,  157.176,  155.817,  158.583,  157.407,  160.979,  166.686,  173.599,  176.452,  176.365,  174.695,  170.054,  162.03,  162.315,  163.796,  163.962,  166.61,  165.727,  165.754,  164.092, 0.0493039, 0, 0, 0, 0.898587, 0.832424, 0.304386, 0.114372, 0, 0, 0.0976817, 0.0272433, 0.0549613, 0, 0.670098, 0.511387, 1.2277, 0, 0, 0, 1, 0, 0, 0, 1, 0, 0, 0, 0, 0, 1, 1, 0, 1, 0
38,  2.46667,  0.928387,  1,  0.145116,  0.20706,  -0.967506,  -0.278637,  0.18009,  -0.94336,  -0.578833,  10.7104,  240.74,  0.176483,  0.0335043,  0.1054,  91.8186,  91.0779,  91.9025,  93.3231,  96.8861,  104.732,  116.138,  131.22,  149.7,  168.869,  186.592,  202.371,  215.731,  224.779,  230.52,  235.038,  237.855,  102.014,  113.4,  127.411,  140.453,  152.377,  175.321,  189.552,  203.02,  216.658,  227.153,  163.34,  162.255,  161.009,  159.749,  143.578,  150.589,  158.162,  166.488,  174.02,  115.672,  124.195,  133.935,  141.92,  133.013,  123.537,  185.496,  194.465,  203.844,  211.259,  203.621,  194.523,  129.096,  139.698,  149.897,  156.811,  165.158,  175.074,  183.939,  174.323,  164.179,  155.327,  147.51,  138.114,  134.078,  148.938,  156.243,  164.564,  179.338,  164.46,  155.976,  148.681,  81.6625,  99.7685,  117.818,  135.123,  153.575,  171.335,  187.768,  202.385,  208.736,  207.682,  198.505,  185.725,  170.641,  153.086,  134.455,  115.201,  95.412,  74.1606,  70.1612,  72.2074,  76.7887,  82.4124,  83.7385,  80.1297,  78.4642,  79.5893,  85.8396,  90.9691,  103.847,  116.909,  130.468,  134.802,  138.96,  142.115,  140.464,  138.22,  84.5206,  81.2894,  82.1089,  88.3042,  89.1079,  88.2274,  92.1227,  87.4128,  88.5351,  93.0885,  95.384,  94.4011,  160.613,  156.788,  155.307,  158.014,  156.777,  160.288,  166.114,  172.684,  175.447,  175.364,  173.811,  169.467,  161.681,  161.805,  163.219,  163.342,  166.026,  164.83,  164.871,  163.243, 0, 0, 0, 0, 0.657489, 0.26913, 0.315406, 0.20408, 0, 0, 0.196357, 0.00647492, 0.000285085, 0, 0.672938, 0.416662, 0.420596, 0, 0, 0, 1, 0, 0, 0, 1, 0, 0, 0, 0, 0, 1, 1, 0, 1, 0
39,  2.53333,  0.919032,  1,  0.145759,  0.205188,  -0.967808,  -0.286963,  0.172022,  -0.94237,  -0.14613,  10.4577,  240.612,  0.181767,  0.0254151,  0.107747,  91.8125,  91.0985,  91.9355,  93.2817,  96.7626,  104.585,  116.098,  131.274,  149.833,  169.049,  186.768,  202.58,  215.896,  224.931,  230.709,  235.254,  238.073,  102.288,  113.773,  127.799,  140.84,  152.817,  176.174,  190.29,  203.621,  217.123,  227.496,  164.13,  163.086,  161.894,  160.686,  144.412,  151.39,  158.919,  167.163,  174.599,  116.159,  124.689,  134.464,  142.377,  133.49,  123.965,  186.018,  194.904,  204.285,  211.641,  204.051,  194.96,  129.953,  140.606,  150.7,  157.431,  165.557,  175.15,  183.813,  174.384,  164.506,  155.897,  148.282,  138.999,  134.915,  149.725,  156.849,  164.947,  179.251,  164.86,  156.605,  149.505,  80.8226,  99.0372,  117.191,  134.554,  153.035,  170.752,  187.053,  201.635,  208.075,  207.119,  197.979,  185.207,  170.098,  152.571,  134.004,  114.819,  95.0746,  73.7463,  69.8536,  71.907,  76.5159,  82.1115,  83.5198,  80.0579,  78.4017,  79.4273,  85.5355,  90.8486,  103.801,  116.924,  130.536,  134.76,  138.922,  142.071,  140.474,  138.209,  84.1551,  80.8859,  81.7408,  88.0393,  88.8667,  87.9482,  91.8683,  87.0586,  88.1751,  92.7934,  95.1401,  94.166,  160.696,  156.921,  155.429,  158.107,  156.872,  160.341,  166.08,  172.319,  174.901,  174.786,  173.271,  169.126,  161.733,  161.815,  163.19,  163.315,  165.994,  164.479,  164.51,  162.927, 0, 0, 0, 0, 0.64021, 0.198917, 0.248287, 0.250866, 0, 0, 0.271587, 0.00647492, 0.000285085, 0, 0.605792, 0.459611, 0.298102, 0, 0, 0, 1, 0, 0, 0, 1, 0, 0, 0, 0, 0, 1, 1, 0, 1, 0
40,  2.6,  0.923258,  1,  0.148597,  0.212593,  -0.965776,  -0.258712,  0.185329,  -0.948009,  -0.0745574,  10.7204,  241.131,  0.196575,  0.0292301,  0.109026,  92.1281,  91.4045,  92.197,  93.4035,  96.6341,  104.258,  115.766,  131.179,  149.91,  169.22,  187.077,  202.97,  216.28,  225.236,  230.946,  235.557,  238.501,  102.358,  113.634,  127.481,  140.462,  152.475,  176.796,  190.895,  204.136,  217.562,  227.977,  164.177,  163.131,  161.924,  160.681,  144.57,  151.525,  158.975,  167.142,  174.541,  116.344,  124.912,  134.782,  142.704,  133.767,  124.17,  186.148,  195.077,  204.591,  211.999,  204.394,  195.182,  129.762,  140.414,  150.576,  157.383,  165.549,  175.281,  184.073,  174.485,  164.46,  155.791,  148.109,  138.75,  134.748,  149.565,  156.77,  164.908,  179.479,  164.785,  156.497,  149.311,  80.6194,  98.6221,  116.46,  133.606,  151.957,  169.794,  186.379,  201.367,  208.001,  206.959,  197.708,  184.828,  169.67,  152.155,  133.646,  114.512,  94.7532,  73.8565,  69.9608,  71.9937,  76.601,  82.1758,  83.6436,  80.0784,  78.3933,  79.3555,  85.3691,  91.5834,  104.443,  117.497,  131.036,  135.274,  139.411,  142.541,  140.963,  138.772,  84.7604,  81.5112,  82.4093,  88.7856,  89.6891,  88.7058,  92.5662,  87.7178,  88.7731,  93.3913,  95.9102,  94.9854,  160.724,  157.106,  155.708,  158.429,  157.21,  160.652,  166.339,  172.834,  175.471,  175.315,  173.765,  169.442,  161.795,  162.191,  163.617,  163.769,  166.276,  164.993,  164.971,  163.344, 0, 0, 0, 0, 0.674225, 0.180199, 0.193954, 0.280149, 0, 0, 0.205244, 0, 0, 0, 0.545158, 0.379199, 0.317, 0, 0, 0, 1, 0, 0, 0, 1, 0, 0, 0, 0, 0, 1, 1, 0, 1, 0
41,  2.66667,  0.919739,  1,  0.147968,  0.211545,  -0.966103,  -0.25758,  0.181013,  -0.949151,  -0.368725,  11.1797,  241.337,  0.216362,  0.0364696,  0.113274,  92.5615,  91.6446,  92.2241,  93.2036,  96.1448,  103.563,  115.087,  130.607,  149.468,  168.918,  186.908,  202.897,  216.273,  225.249,  230.942,  235.551,  238.528,  102.542,  113.815,  127.549,  140.45,  152.393,  176.789,  190.935,  204.191,  217.609,  228.038,  163.986,  162.85,  161.549,  160.205,  144.229,  151.112,  158.492,  166.631,  174.008,  116.353,  124.938,  134.821,  142.724,  133.769,  124.165,  185.995,  195.001,  204.551,  211.971,  204.357,  195.11,  128.914,  139.618,  149.94,  156.762,  164.965,  174.891,  183.895,  174.012,  163.759,  155.04,  147.329,  137.827,  133.87,  148.917,  156.14,  164.308,  179.303,  164.105,  155.774,  148.561,  80.2561,  98.0437,  115.684,  132.699,  151.024,  169.025,  185.935,  201.379,  208.251,  207.088,  197.612,  184.591,  169.429,  152.028,  133.719,  114.759,  95.11,  73.9243,  70.3401,  72.5613,  77.2664,  82.9219,  84.3236,  80.7203,  79.0301,  80.0025,  85.9,  92.3938,  105.227,  118.278,  131.821,  135.864,  140.033,  143.194,  141.664,  139.522,  85.0759,  81.8791,  82.8677,  89.3564,  90.1892,  89.1136,  93.2485,  88.3413,  89.3651,  94.0233,  96.5952,  95.6786,  160.583,  157.392,  156.243,  159.002,  157.818,  161.156,  166.633,  173.612,  176.417,  176.23,  174.629,  169.951,  161.765,  162.624,  164.112,  164.283,  166.629,  166.001,  165.947,  164.265, 0, 0, 0, 0, 0.692745, 0.272862, 0.166959, 0.190441, 0, 0, 0.098279, 0, 0.0331464, 0, 0.291841, 0.235707, 0.305153, 0, 0, 0, 1, 0, 1, 0, 1, 0, 0, 0, 0, 0, 0, 1, 0, 1, 0
42,  2.73333,  0.925958,  1,  0.151903,  0.211663,  -0.965466,  -0.252175,  0.178322,  -0.951109,  -0.785435,  11.3877,  241.174,  0.222877,  0.0410439,  0.11454,  92.3549,  91.397,  91.8855,  92.787,  95.6929,  103.108,  114.606,  130.039,  148.891,  168.453,  186.608,  202.779,  216.3,  225.329,  230.97,  235.483,  238.439,  102.06,  113.21,  126.96,  139.912,  151.908,  176.354,  190.611,  204.001,  217.471,  227.872,  163.466,  162.316,  160.99,  159.611,  143.746,  150.593,  157.921,  166.035,  173.407,  115.884,  124.423,  134.285,  142.198,  133.249,  123.676,  185.678,  194.702,  204.251,  211.663,  204.029,  194.792,  128.306,  139.086,  149.324,  156.132,  164.364,  174.381,  183.639,  173.535,  163.193,  154.471,  146.803,  137.365,  133.221,  148.296,  155.509,  163.711,  179.06,  163.534,  155.194,  148.006,  80.4185,  97.9573,  115.328,  132.147,  150.404,  168.434,  185.477,  201.224,  208.286,  207.133,  197.565,  184.556,  169.417,  152.059,  133.761,  114.88,  95.2921,  74.1107,  70.5922,  72.8622,  77.682,  83.439,  84.8903,  81.1995,  79.5101,  80.5839,  86.495,  92.9181,  105.693,  118.707,  132.217,  136.282,  140.478,  143.643,  142.154,  140.043,  85.3069,  82.1483,  83.1435,  89.5927,  90.4629,  89.3832,  93.6718,  88.8038,  89.8498,  94.5114,  97.0818,  96.1434,  160.447,  157.878,  157.004,  159.771,  158.622,  161.743,  166.751,  173.515,  176.192,  175.97,  174.325,  169.625,  161.722,  163.212,  164.748,  164.9,  166.777,  166.045,  165.967,  164.239, 0, 0, 0, 0, 0.682498, 0.223003, 0.110106, 0.0814328, 0, 0, 0, 0.0354218, 0.0653154, 0.0122495, 0.182554, 0.0577039, 0.261164, 0, 0, 0, 1, 0, 1, 0, 1, 0, 0, 0, 0, 0, 1, 0, 0, 1, 0
43,  2.8,  0.924112,  1,  0.151432,  0.213474,  -0.965141,  -0.256295,  0.176345,  -0.950376,  -0.942557,  11.4032,  240.811,  0.228896,  0.042606,  0.117038,  92.191,  91.1964,  91.6624,  92.5566,  95.4687,  102.878,  114.358,  129.684,  148.484,  168.058,  186.266,  202.546,  216.187,  225.296,  230.989,  235.539,  238.563,  101.84,  113.007,  126.775,  139.741,  151.747,  176.393,  190.684,  204.107,  217.578,  227.961,  163.358,  162.153,  160.775,  159.346,  143.553,  150.364,  157.666,  165.771,  173.141,  115.661,  124.206,  134.1,  142,  133.036,  123.429,  185.7,  194.731,  204.317,  211.734,  204.075,  194.808,  128.189,  139.019,  149.215,  155.894,  163.995,  173.996,  183.369,  173.174,  162.845,  154.268,  146.736,  137.33,  133.079,  148.199,  155.281,  163.352,  178.788,  163.194,  154.994,  147.942,  79.9313,  97.4957,  114.895,  131.724,  149.984,  168.014,  185.038,  200.885,  208.069,  207.005,  197.502,  184.583,  169.496,  152.198,  133.923,  115.072,  95.4999,  73.7848,  70.3574,  72.6953,  77.5906,  83.4196,  84.9464,  81.303,  79.6552,  80.7697,  86.6732,  92.9889,  105.845,  118.935,  132.519,  136.455,  140.687,  143.87,  142.395,  140.276,  85.088,  81.923,  82.9688,  89.4801,  90.3569,  89.2333,  93.7415,  88.836,  89.9083,  94.6252,  97.2095,  96.2496,  160.368,  158.101,  157.353,  160.09,  158.953,  161.969,  166.75,  173.498,  176.146,  175.911,  174.284,  169.574,  161.692,  163.435,  164.958,  165.094,  166.812,  166.144,  166.057,  164.338, 0, 0, 0, 0, 0.636495, 0.0702895, 0.000813706, 0, 0, 0, 0, 0.106265, 0.0965069, 0.0367486, 0.0509536, 0, 0.238209, 0, 0, 0, 1, 0, 1, 0, 0, 0, 0, 0, 0, 0, 1, 0, 0, 1, 0
