frame, timestamp, confidence, success, gaze_0_x, gaze_0_y, gaze_0_z, gaze_1_x, gaze_1_y, gaze_1_z, pose_Tx, pose_Ty, pose_Tz, pose_Rx, pose_Ry, pose_Rz, x_0, x_1, x_2, x_3, x_4, x_5, x_6, x_7, x_8, x_9, x_10, x_11, x_12, x_13, x_14, x_15, x_16, x_17, x_18, x_19, x_20, x_21, x_22, x_23, x_24, x_25, x_26, x_27, x_28, x_29, x_30, x_31, x_32, x_33, x_34, x_35, x_36, x_37, x_38, x_39, x_40, x_41, x_42, x_43, x_44, x_45, x_46, x_47, x_48, x_49, x_50, x_51, x_52, x_53, x_54, x_55, x_56, x_57, x_58, x_59, x_60, x_61, x_62, x_63, x_64, x_65, x_66, x_67, y_0, y_1, y_2, y_3, y_4, y_5, y_6, y_7, y_8, y_9, y_10, y_11, y_12, y_13, y_14, y_15, y_16, y_17, y_18, y_19, y_20, y_21, y_22, y_23, y_24, y_25, y_26, y_27, y_28, y_29, y_30, y_31, y_32, y_33, y_34, y_35, y_36, y_37, y_38, y_39, y_40, y_41, y_42, y_43, y_44, y_45, y_46, y_47, y_48, y_49, y_50, y_51, y_52, y_53, y_54, y_55, y_56, y_57, y_58, y_59, y_60, y_61, y_62, y_63, y_64, y_65, y_66, y_67, AU01_r, AU02_r, AU04_r, AU05_r, AU06_r, AU07_r, AU09_r, AU10_r, AU12_r, AU14_r, AU15_r, AU17_r, AU20_r, AU23_r, AU25_r, AU26_r, AU45_r, AU01_c, AU02_c, AU04_c, AU05_c, AU06_c, AU07_c, AU09_c, AU10_c, AU12_c, AU14_c, AU15_c, AU17_c, AU20_c, AU23_c, AU25_c, AU26_c, AU28_c, AU45_c,label
1,0.0,0.931447,1,0.249115,0.0505179,-0.967156,-0.0560611,0.0768072,-0.995469,-17.7496,47.7926,277.809,0.0062632,-0.00565949,-0.109267,84.5027,86.2674,90.1184,95.8985,104.581,117.021,131.047,147.641,166.203,184.015,197.628,208.875,216.564,220.505,221.831,221.658,219.944,94.7741,102.113,114.562,128.421,141.093,161.478,173.449,186.028,198.436,206.751,153.496,155.025,156.643,158.332,143.849,151.468,159.408,167.078,173.728,108.933,115.901,125.153,133.711,125.841,116.64,172.176,179.991,189.024,196.353,190.302,181.386,133.606,144.603,154.622,161.461,168.421,178.727,188.604,180.06,170.584,163.05,155.726,145.197,138.104,155.154,162.007,169.208,184.614,169.093,161.898,154.996,167.774,187.815,207.998,227.257,244.43,258.419,268.769,275.443,275.455,270.902,259.581,244.945,228.023,209.495,190.619,171.723,153.151,146.73,135.377,129.381,128.551,131.884,129.205,123.044,121.223,124.12,133.031,148.166,160.766,173.196,186.154,200.514,202.022,203.228,200.465,197.321,159.937,153.942,152.971,157.12,160.263,161.735,152.675,146.375,145.752,149.872,153.12,153.867,232.075,225.527,221.431,222.617,220.136,222.012,225.619,234.337,237.99,239.338,239.553,238.108,231.912,228.436,228.262,226.845,226.616,228.61,230.024,230.143,0.0148898,0.0,0.0,0.0,0,0.406578,0.0,0.0,0.289209,0,0.0,0.0,0.225525,0.139109,0.0,0.0,0.0160778,0,0,0,1,0,0,0,0,0,0,0,0,0,0,0,0,0,0,0
2,0.0666667,0.933668,1,0.248666,0.051658,-0.967211,-0.0577979,0.0806253,-0.995067,-17.5225,47.8395,277.705,0.0185913,-0.00909563,-0.110406,84.1456,86.1424,90.1174,95.8863,104.583,117.06,131.208,147.988,166.627,184.417,198.073,209.254,216.823,220.631,221.887,221.764,220.113,94.3569,101.704,114.361,128.413,141.277,161.684,173.774,186.467,198.971,207.351,153.741,155.285,156.917,158.619,144.034,151.713,159.682,167.346,173.992,109.111,116.139,125.418,133.976,126.089,116.868,172.341,180.182,189.231,196.561,190.481,181.559,134.029,144.868,154.769,161.786,168.928,179.067,188.696,180.429,171.157,163.439,155.966,145.522,138.516,155.313,162.32,169.708,184.671,169.659,162.283,155.215,167.062,187.254,207.467,226.784,244.06,258.176,268.71,275.513,275.518,270.82,259.322,244.545,227.519,208.842,189.826,170.803,152.064,146.779,135.33,129.421,128.752,132.199,129.607,123.405,121.477,124.27,133.165,148.615,161.221,173.662,186.629,200.662,202.237,203.491,200.665,197.459,159.913,154.034,153.077,157.221,160.372,161.809,152.851,146.626,146.015,150.026,153.348,154.101,232.117,225.535,221.519,222.698,220.152,221.98,225.608,234.266,238.026,239.483,239.711,238.214,231.91,228.382,228.213,226.723,226.571,228.728,230.255,230.374,0.00496326,0.0,0.0,0.0,0,0.465695,0.0,0.0,0.303196,0,0.0,0.0339746,0.14033,0.0856469,0.0,0.0,0.0830555,0,0,0,1,0,0,0,0,0,0,0,0,0,0,0,0,0,0,0
3,0.133333,0.932533,1,0.249446,0.0524201,-0.966969,-0.058054,0.0806747,-0.995048,-17.5056,47.8268,277.648,0.0218208,-0.00744766,-0.111289,84.0839,86.0977,90.0924,95.8836,104.616,117.144,131.332,148.126,166.787,184.617,198.314,209.51,217.052,220.82,222.035,221.879,220.198,94.3531,101.735,114.389,128.427,141.294,161.676,173.774,186.481,198.999,207.387,153.75,155.273,156.886,158.572,144.034,151.701,159.654,167.32,173.965,109.11,116.136,125.406,133.951,126.071,116.858,172.343,180.179,189.225,196.563,190.472,181.555,134.009,144.826,154.723,161.748,168.901,179.061,188.722,180.412,171.114,163.382,155.901,145.468,138.484,155.275,162.289,169.69,184.683,169.628,162.238,155.166,166.918,187.141,207.392,226.74,244.047,258.175,268.696,275.471,275.433,270.661,259.078,244.24,227.192,208.518,189.532,170.539,151.823,146.78,135.378,129.502,128.862,132.317,129.71,123.495,121.531,124.288,133.148,148.659,161.247,173.674,186.629,200.681,202.249,203.499,200.681,197.469,159.914,154.051,153.093,157.239,160.385,161.817,152.849,146.619,146.0,149.999,153.332,154.091,232.139,225.569,221.555,222.738,220.188,222.008,225.617,234.277,238.042,239.504,239.732,238.23,231.934,228.422,228.253,226.759,226.584,228.743,230.276,230.4,0.0,0.0,0.0180214,0.0,0,0.459923,0.0,0.0,0.304532,0,0.0,0.0668374,0.143729,0.0656733,0.0,0.0,0.125321,0,0,0,1,0,0,0,0,0,0,0,0,0,0,0,0,0,0,0
4,0.2,0.930475,1,0.250158,0.0521146,-0.966801,-0.0590871,0.0804442,-0.995006,-17.4932,47.8252,277.447,0.0242166,-0.00718675,-0.11205,83.9989,86.0352,90.0503,95.8635,104.632,117.193,131.389,148.183,166.859,184.721,198.437,209.63,217.129,220.859,222.048,221.874,220.176,94.2695,101.688,114.374,128.441,141.336,161.648,173.749,186.478,199.032,207.446,153.765,155.284,156.895,158.581,144.049,151.709,159.659,167.328,173.971,109.089,116.124,125.395,133.943,126.06,116.843,172.332,180.186,189.232,196.574,190.476,181.557,133.949,144.831,154.744,161.748,168.884,179.036,188.74,180.355,171.036,163.326,155.868,145.433,138.413,155.286,162.28,169.665,184.701,169.572,162.202,155.154,166.931,187.179,207.455,226.825,244.151,258.283,268.804,275.565,275.501,270.673,259.011,244.084,226.975,208.269,189.286,170.306,151.591,146.798,135.411,129.555,128.95,132.432,129.814,123.553,121.54,124.256,133.101,148.661,161.251,173.686,186.654,200.735,202.311,203.567,200.75,197.528,159.914,154.067,153.105,157.242,160.394,161.832,152.841,146.608,145.985,149.977,153.327,154.085,232.168,225.718,221.756,222.945,220.399,222.174,225.656,234.294,238.027,239.48,239.704,238.21,231.981,228.569,228.411,226.916,226.635,228.771,230.3,230.421,0.0,0.0,0.0571186,0.0128427,0,0.400995,0.0,0.0,0.286305,0,0.0,0.0764103,0.224474,0.0423832,0.0,0.0,0.107965,0,0,0,1,0,0,0,0,0,0,0,0,0,0,0,0,0,0,0
5,0.266667,0.927791,1,0.251932,0.0544214,-0.966214,-0.059077,0.0804965,-0.995003,-17.6811,47.7571,277.674,0.0243707,-0.00214589,-0.112227,83.9605,86.0135,90.0656,95.9115,104.657,117.194,131.363,148.146,166.825,184.732,198.51,209.718,217.154,220.815,221.978,221.838,220.186,94.2452,101.731,114.4,128.391,141.228,161.51,173.588,186.29,198.832,207.309,153.587,155.042,156.588,158.216,143.781,151.416,159.344,167.015,173.662,108.908,115.942,125.239,133.77,125.874,116.633,172.25,180.126,189.199,196.555,190.454,181.506,133.793,144.582,154.438,161.387,168.46,178.623,188.403,179.936,170.606,162.95,155.546,145.186,138.244,154.995,161.937,169.259,184.321,169.152,161.838,154.848,166.758,187.029,207.33,226.733,244.119,258.305,268.826,275.513,275.356,270.452,258.74,243.778,226.66,207.985,189.084,170.172,151.519,146.658,135.299,129.493,128.91,132.396,129.726,123.482,121.446,124.079,132.873,148.582,161.231,173.729,186.754,200.712,202.293,203.553,200.735,197.508,159.883,154.008,153.052,157.223,160.407,161.831,152.779,146.512,145.869,149.876,153.262,154.034,232.088,225.523,221.509,222.692,220.149,221.969,225.565,234.151,237.84,239.288,239.534,238.107,231.883,228.397,228.223,226.738,226.537,228.545,230.068,230.214,0.0,0.0,0.116214,0.0128427,0,0.430937,0.0,0.0,0.285017,0,0.0,0.059041,0.223509,0.0320445,0.0,0.0,0.105628,0,0,0,1,0,0,0,0,0,0,0,0,0,0,0,0,0,0,0
6,0.333333,0.935562,1,0.251352,0.0593227,-0.966076,-0.057002,0.0768369,-0.995413,-17.6874,47.7778,277.496,0.0230847,-0.00187222,-0.113801,83.9396,86.0189,90.1005,95.9817,104.746,117.281,131.442,148.233,166.947,184.879,198.635,209.803,217.193,220.81,221.942,221.778,220.105,94.1423,101.626,114.25,128.191,140.996,161.492,173.59,186.267,198.766,207.223,153.469,154.939,156.502,158.148,143.748,151.381,159.314,166.982,173.624,108.77,115.784,125.079,133.622,125.727,116.494,172.187,180.063,189.136,196.492,190.393,181.447,133.89,144.626,154.458,161.41,168.481,178.644,188.396,179.987,170.672,163.014,155.612,145.263,138.339,155.029,161.969,169.292,184.321,169.201,161.887,154.898,166.925,187.212,207.525,226.927,244.331,258.542,269.095,275.803,275.627,270.678,258.898,243.852,226.658,207.923,189.006,170.101,151.467,146.751,135.43,129.616,128.985,132.388,129.677,123.494,121.479,124.112,132.861,148.583,161.205,173.676,186.675,200.725,202.291,203.535,200.702,197.459,160.012,154.118,153.134,157.263,160.477,161.928,152.77,146.521,145.877,149.872,153.248,154.022,232.251,225.605,221.555,222.723,220.172,221.992,225.634,234.212,237.918,239.381,239.64,238.233,232.028,228.442,228.252,226.762,226.601,228.63,230.17,230.326,0.0,0.0,0.162466,0.0128427,0,0.458633,0.0,0.0,0.287097,0,0.0,0.061687,0.192121,0.00618422,0.00598023,0.0,0.0882881,0,0,0,1,0,0,0,0,0,0,0,0,0,0,0,0,0,0,0
7,0.4,0.935271,1,0.25198,0.0593785,-0.965909,-0.0586104,0.0784622,-0.995193,-17.6851,47.7497,277.412,0.0240559,-0.00159954,-0.114831,83.8626,85.9775,90.0922,95.9992,104.787,117.339,131.517,148.31,167.043,185.002,198.775,209.936,217.28,220.844,221.944,221.764,220.073,94.0704,101.534,114.131,128.061,140.876,161.485,173.573,186.24,198.725,207.167,153.448,154.918,156.483,158.133,143.76,151.391,159.318,166.978,173.612,108.755,115.765,125.061,133.604,125.712,116.476,172.136,180.01,189.088,196.451,190.346,181.395,133.923,144.643,154.473,161.423,168.486,178.645,188.397,179.993,170.683,163.033,155.636,145.288,138.361,155.056,161.99,169.307,184.317,169.213,161.907,154.925,166.932,187.235,207.554,226.962,244.357,258.554,269.086,275.768,275.566,270.574,258.744,243.658,226.445,207.714,188.827,169.962,151.366,146.747,135.433,129.602,128.968,132.363,129.649,123.485,121.466,124.091,132.821,148.594,161.213,173.679,186.671,200.74,202.297,203.536,200.703,197.456,160.016,154.123,153.136,157.271,160.489,161.943,152.774,146.522,145.876,149.868,153.252,154.029,232.261,225.616,221.561,222.727,220.171,221.987,225.614,234.199,237.913,239.382,239.646,238.241,232.035,228.454,228.26,226.765,226.586,228.617,230.162,230.322,0.0,0.0,0.204357,0.0,0,0.43652,0.0,0.0,0.28459,0,0.0,0.0596564,0.0744693,0.000535718,0.0492278,0.0,0.110201,0,0,0,1,0,0,0,0,0,0,0,0,0,0,0,0,0,0,0
8,0.466667,0.934634,1,0.25146,0.0591258,-0.96606,-0.0605772,0.0790915,-0.995025,-17.6922,47.7354,277.297,0.0253295,-0.000785011,-0.115706,83.8148,85.9764,90.1229,96.0368,104.833,117.393,131.586,148.387,167.135,185.117,198.906,210.066,217.37,220.886,221.959,221.765,220.055,93.9824,101.412,114.02,127.982,140.847,161.373,173.487,186.195,198.719,207.16,153.416,154.879,156.44,158.09,143.726,151.363,159.293,166.956,173.593,108.739,115.743,125.041,133.586,125.695,116.454,172.065,179.945,189.026,196.397,190.279,181.323,133.91,144.616,154.452,161.405,168.471,178.633,188.396,179.986,170.676,163.024,155.626,145.271,138.339,155.048,161.981,169.304,184.304,169.209,161.899,154.918,166.909,187.221,207.54,226.957,244.361,258.575,269.131,275.823,275.601,270.543,258.628,243.471,226.23,207.5,188.639,169.817,151.26,146.855,135.501,129.628,128.992,132.406,129.732,123.57,121.552,124.193,132.956,148.624,161.234,173.691,186.675,200.756,202.305,203.543,200.707,197.455,159.996,154.102,153.116,157.269,160.481,161.935,152.783,146.52,145.881,149.877,153.263,154.038,232.276,225.63,221.569,222.737,220.172,221.981,225.602,234.208,237.935,239.412,239.681,238.274,232.045,228.463,228.269,226.766,226.575,228.62,230.175,230.338,0.0,0.0,0.21112,0.0,0,0.420305,0.0,0.0,0.283693,0,0.0,0.0791381,0.0471862,0.0153355,0.0492278,0.0,0.11336,0,0,0,1,0,0,0,0,0,0,0,0,0,0,0,0,0,0,0
9,0.533333,0.933429,1,0.251608,0.0596508,-0.965989,-0.0603276,0.0790988,-0.99504,-17.7756,47.7758,277.39,0.0230636,-0.00102108,-0.114331,83.8171,85.9461,90.0891,96.0288,104.836,117.38,131.513,148.267,166.971,184.9,198.638,209.746,217.055,220.627,221.766,221.625,219.951,94.0579,101.497,114.109,128.061,140.89,161.328,173.416,186.11,198.642,207.111,153.379,154.835,156.386,158.019,143.592,151.244,159.201,166.898,173.566,108.72,115.741,125.033,133.586,125.684,116.448,172.045,179.946,189.023,196.385,190.273,181.315,133.785,144.455,154.27,161.27,168.39,178.568,188.314,179.903,170.571,162.862,155.412,145.089,138.227,154.845,161.831,169.207,184.219,169.109,161.745,154.71,166.918,187.244,207.579,227.006,244.413,258.632,269.195,275.833,275.604,270.634,258.847,243.776,226.563,207.842,188.936,170.029,151.396,146.814,135.437,129.582,128.962,132.388,129.707,123.508,121.478,124.119,132.915,148.558,161.188,173.665,186.668,200.728,202.292,203.54,200.709,197.464,159.982,154.097,153.113,157.246,160.451,161.905,152.779,146.533,145.895,149.89,153.269,154.036,232.373,225.663,221.581,222.762,220.203,222.078,225.801,234.316,237.999,239.461,239.714,238.305,232.134,228.497,228.313,226.825,226.75,228.674,230.215,230.366,0.0,0.0,0.233883,0.0,0,0.402943,0.0,0.0,0.27511,0,0.0,0.0608334,0.0856906,0.0147997,0.0432476,0.0,0.107883,0,0,0,1,0,0,0,0,0,0,0,0,0,0,0,0,0,0,0
10,0.6,0.933035,1,0.249638,0.0605745,-0.966443,-0.0527102,0.0766281,-0.995665,-17.8513,47.7705,277.991,0.0224356,-0.00187885,-0.115974,83.7882,85.9342,90.0615,95.9723,104.776,117.339,131.47,148.248,166.934,184.835,198.555,209.684,217.044,220.647,221.75,221.54,219.83,93.9976,101.422,114.023,127.971,140.783,161.196,173.292,185.966,198.48,206.926,153.268,154.763,156.351,158.024,143.625,151.261,159.2,166.88,173.519,108.71,115.694,124.934,133.423,125.584,116.411,171.95,179.749,188.772,196.1,190.025,181.139,133.832,144.533,154.367,161.329,168.404,178.565,188.301,179.93,170.611,162.948,155.537,145.18,138.272,154.94,161.888,169.216,184.245,169.139,161.819,154.819,167.094,187.377,207.679,227.054,244.419,258.578,269.081,275.72,275.493,270.502,258.7,243.635,226.435,207.706,188.786,169.872,151.237,146.92,135.555,129.683,129.012,132.381,129.645,123.428,121.387,124.006,132.759,148.495,161.063,173.485,186.437,200.517,202.073,203.305,200.452,197.183,160.017,154.136,153.123,157.179,160.394,161.86,152.591,146.386,145.728,149.689,153.032,153.812,232.204,225.49,221.421,222.572,220.02,221.818,225.49,234.085,237.802,239.269,239.537,238.143,231.961,228.264,228.06,226.563,226.456,228.565,230.116,230.286,0.0,0.0,0.287436,0.0,0,0.47901,0.00712397,0.0,0.284586,0,0.0,0.113372,0.13935,0.0147997,0.0,0.0,0.0874388,0,0,0,1,0,0,0,0,0,0,0,0,0,0,0,0,0,0,0
11,0.666667,0.932934,1,0.250076,0.0609785,-0.966304,-0.0528541,0.0766303,-0.995658,-17.9121,47.6505,277.847,0.0215296,2.13375e-05,-0.114557,83.744,85.8872,90.028,95.9407,104.736,117.294,131.414,148.158,166.849,184.795,198.563,209.703,217.033,220.614,221.725,221.532,219.829,94.0325,101.461,114.047,127.971,140.781,161.247,173.285,185.927,198.423,206.866,153.306,154.768,156.325,157.97,143.538,151.174,159.118,166.811,173.462,108.72,115.717,124.954,133.445,125.586,116.409,171.933,179.77,188.796,196.127,190.031,181.136,133.582,144.295,154.187,161.151,168.238,178.442,188.241,179.777,170.398,162.722,155.301,144.912,138.011,154.755,161.709,169.047,184.162,168.96,161.628,154.625,166.898,187.221,207.561,226.971,244.36,258.533,269.039,275.657,275.442,270.475,258.685,243.631,226.44,207.739,188.852,169.971,151.379,146.716,135.35,129.489,128.867,132.298,129.637,123.44,121.405,123.987,132.72,148.346,160.966,173.436,186.438,200.414,201.988,203.247,200.4,197.134,159.751,153.891,152.906,156.997,160.173,161.612,152.532,146.335,145.691,149.676,152.998,153.756,231.939,225.258,221.219,222.395,219.863,221.688,225.382,234.025,237.735,239.178,239.426,237.981,231.718,228.088,227.907,226.433,226.349,228.447,229.978,230.133,0.0,0.0,0.376478,0.0,0,0.527303,0.00712397,0.0,0.270485,0,0.0,0.126143,0.20604,0.0,0.0,0.0,0.0794486,0,0,0,1,0,0,0,0,0,0,0,0,0,0,0,0,0,0,0
12,0.733333,0.930315,1,0.25392,0.0605325,-0.965329,-0.0527611,0.0763308,-0.995686,-17.8958,47.6252,277.79,0.0227899,0.000147752,-0.114578,83.7615,85.8941,90.0282,95.9364,104.722,117.271,131.398,148.166,166.893,184.868,198.651,209.779,217.073,220.621,221.723,221.532,219.829,94.0796,101.517,114.094,128.01,140.814,161.248,173.28,185.919,198.41,206.855,153.32,154.775,156.325,157.963,143.553,151.183,159.121,166.81,173.459,108.765,115.762,124.998,133.492,125.632,116.455,171.926,179.774,188.799,196.13,190.031,181.136,133.574,144.287,154.187,161.155,168.247,178.46,188.266,179.796,170.411,162.73,155.306,144.907,138.003,154.759,161.715,169.059,184.182,168.972,161.634,154.629,166.818,187.131,207.465,226.878,244.285,258.493,269.042,275.688,275.47,270.471,258.629,243.522,226.301,207.593,188.724,169.874,151.307,146.646,135.307,129.463,128.857,132.301,129.652,123.452,121.411,123.984,132.697,148.333,160.944,173.408,186.403,200.408,201.98,203.24,200.397,197.133,159.707,153.851,152.871,156.969,160.141,161.578,152.526,146.327,145.686,149.671,152.997,153.753,231.928,225.257,221.219,222.399,219.866,221.688,225.375,234.039,237.759,239.206,239.454,237.999,231.71,228.1,227.921,226.447,226.345,228.457,229.989,230.142,0.0,0.0,0.384437,0.0,0,0.417458,0.0107581,0.0,0.293082,0,0.0,0.130623,0.120349,0.0,0.0,0.021574,0.0616173,0,0,0,1,0,0,0,0,0,0,0,0,0,0,0,0,0,0,0
13,0.8,0.930754,1,0.253016,0.0614634,-0.965508,-0.0524941,0.0795636,-0.995447,-17.8706,47.6345,277.659,0.0220721,-0.00111242,-0.114252,83.6994,85.8404,89.9912,95.9059,104.673,117.178,131.296,148.086,166.833,184.803,198.574,209.703,217.031,220.615,221.747,221.582,219.903,94.0653,101.468,114.036,127.947,140.739,161.301,173.369,186.007,198.488,206.914,153.294,154.772,156.342,157.997,143.571,151.202,159.151,166.839,173.485,108.77,115.758,124.996,133.482,125.638,116.46,171.931,179.749,188.77,196.095,190.011,181.121,133.811,144.452,154.288,161.222,168.276,178.425,188.16,179.784,170.476,162.834,155.447,145.109,138.247,154.859,161.78,169.086,184.088,169.016,161.718,154.747,166.777,187.105,207.446,226.853,244.269,258.501,269.068,275.737,275.547,270.598,258.84,243.779,226.569,207.836,188.906,169.967,151.309,146.751,135.391,129.536,128.906,132.292,129.606,123.445,121.413,124.018,132.763,148.343,161.004,173.512,186.546,200.445,202.034,203.295,200.431,197.149,159.717,153.849,152.858,156.949,160.129,161.578,152.475,146.272,145.632,149.613,152.937,153.696,232.048,225.315,221.254,222.426,219.892,221.735,225.474,234.06,237.753,239.199,239.452,238.037,231.804,228.119,227.929,226.459,226.43,228.467,229.998,230.152,0.0,0.0,0.331498,0.00771222,0,0.246805,0.0061067,0.0,0.322404,0,0.0,0.0647267,0.0666896,0.000643193,0.000586141,0.0481329,0.0404058,0,0,0,1,0,1,0,0,0,0,0,0,0,0,0,0,0,0,0
14,0.866667,0.929512,1,0.252978,0.0611958,-0.965535,-0.0523456,0.079154,-0.995487,-17.8796,47.6474,277.697,0.0202454,-0.000841693,-0.114334,83.7157,85.8614,90.0196,95.9393,104.713,117.223,131.329,148.087,166.805,184.765,198.541,209.677,217.009,220.603,221.745,221.582,219.904,94.0576,101.479,114.058,127.967,140.752,161.286,173.332,185.953,198.429,206.871,153.297,154.771,156.338,157.989,143.567,151.195,159.143,166.833,173.477,108.771,115.761,124.998,133.479,125.634,116.457,171.933,179.746,188.764,196.087,190.006,181.119,133.804,144.452,154.282,161.218,168.277,178.411,188.141,179.759,170.46,162.815,155.426,145.095,138.237,154.852,161.775,169.086,184.071,169.008,161.705,154.733,166.888,187.235,207.6,227.023,244.434,258.631,269.146,275.756,275.543,270.612,258.877,243.846,226.654,207.933,189.009,170.077,151.431,146.739,135.378,129.527,128.897,132.291,129.614,123.453,121.416,123.994,132.715,148.325,160.983,173.489,186.519,200.444,202.028,203.286,200.427,197.147,159.717,153.841,152.852,156.948,160.125,161.573,152.477,146.27,145.627,149.618,152.937,153.696,232.056,225.321,221.26,222.431,219.899,221.746,225.486,234.028,237.705,239.15,239.405,238.009,231.809,228.118,227.928,226.46,226.44,228.43,229.962,230.12,0.0,0.0,0.249438,0.00771222,0,0.148089,0.0232759,0.0,0.35069,0,0.0,0.0216845,0.0,0.0141143,0.000586141,0.0674904,0.0273986,0,0,0,1,0,1,0,0,0,0,0,0,0,0,0,0,0,0,0
15,0.933333,0.93022,1,0.252899,0.0609407,-0.965572,-0.0541353,0.0819603,-0.995164,-17.8083,47.5822,277.333,0.0197284,-0.000856972,-0.113656,83.7422,85.8832,90.0384,95.9671,104.741,117.238,131.353,148.1,166.81,184.759,198.522,209.661,217.006,220.612,221.778,221.667,220.033,94.0163,101.443,114.067,128.018,140.845,161.403,173.484,186.145,198.667,207.153,153.362,154.817,156.362,157.992,143.544,151.187,159.154,166.856,173.519,108.697,115.727,125.008,133.541,125.649,116.425,172.087,179.977,189.039,196.394,190.284,181.342,133.806,144.473,154.306,161.224,168.268,178.414,188.174,179.763,170.459,162.826,155.451,145.118,138.245,154.87,161.778,169.073,184.09,169.0,161.712,154.753,166.834,187.197,207.563,226.992,244.416,258.629,269.155,275.76,275.547,270.623,258.92,243.9,226.697,207.953,189.012,170.058,151.378,146.817,135.41,129.549,128.913,132.299,129.608,123.453,121.414,124.003,132.765,148.282,160.951,173.469,186.513,200.433,202.022,203.281,200.426,197.16,159.723,153.836,152.841,156.952,160.144,161.601,152.481,146.248,145.613,149.609,152.954,153.713,232.053,225.329,221.254,222.43,219.893,221.767,225.506,234.05,237.725,239.169,239.428,238.033,231.81,228.119,227.934,226.469,226.458,228.422,229.948,230.103,0.0,0.0,0.249337,0.00771222,0,0.223412,0.0338599,0.0,0.343644,0,0.0,0.0,0.0,0.0268927,0.000586141,0.0459164,0.0388322,0,0,0,1,0,1,0,0,0,0,0,0,0,0,0,0,0,0,0
16,1.0,0.929354,1,0.253485,0.0613165,-0.965394,-0.0541368,0.0817725,-0.99518,-17.8029,47.5746,277.327,0.0186397,-0.000818943,-0.113948,83.7587,85.8992,90.0558,95.9905,104.769,117.267,131.374,148.109,166.818,184.774,198.543,209.683,217.018,220.616,221.775,221.656,220.016,94.013,101.429,114.046,127.994,140.816,161.422,173.483,186.128,198.637,207.117,153.365,154.822,156.369,158.001,143.563,151.202,159.167,166.866,173.525,108.702,115.732,125.007,133.538,125.648,116.432,172.092,179.98,189.038,196.388,190.282,181.344,133.826,144.487,154.318,161.238,168.284,178.426,188.179,179.771,170.469,162.834,155.457,145.127,138.264,154.881,161.793,169.089,184.097,169.012,161.722,154.761,166.929,187.293,207.661,227.088,244.503,258.693,269.19,275.769,275.549,270.628,258.924,243.909,226.708,207.967,189.032,170.085,151.419,146.798,135.387,129.52,128.888,132.282,129.579,123.409,121.356,123.929,132.679,148.266,160.927,173.437,186.472,200.417,202.005,203.26,200.408,197.142,159.734,153.852,152.855,156.95,160.143,161.603,152.471,146.251,145.611,149.599,152.942,153.702,232.055,225.325,221.25,222.426,219.89,221.768,225.51,234.04,237.709,239.152,239.41,238.017,231.808,228.119,227.934,226.472,226.461,228.408,229.933,230.09,0.0,0.0,0.236573,0.0,0,0.264179,0.0546711,0.0,0.318754,0,0.0,0.0,0.0,0.0266105,0.0,0.0193576,0.0432921,0,0,0,1,0,1,0,0,0,0,0,0,0,0,0,0,0,0,0
17,1.06667,0.929706,1,0.253084,0.0614787,-0.965489,-0.0532114,0.0835403,-0.995083,-17.8255,47.5882,277.494,0.0206212,-0.00101014,-0.114027,83.7366,85.8732,90.0199,95.9398,104.706,117.207,131.329,148.107,166.839,184.796,198.562,209.693,217.025,220.619,221.773,221.645,220.002,94.0325,101.44,114.044,127.985,140.802,161.381,173.449,186.093,198.594,207.062,153.34,154.806,156.361,158.0,143.579,151.212,159.164,166.854,173.506,108.734,115.748,125.008,133.519,125.651,116.452,172.049,179.909,188.953,196.291,190.195,181.277,133.842,144.491,154.315,161.238,168.281,178.423,188.167,179.774,170.474,162.842,155.465,145.139,138.284,154.882,161.795,169.088,184.088,169.01,161.724,154.762,166.848,187.172,207.5,226.9,244.316,258.538,269.087,275.723,275.517,270.572,258.831,243.793,226.593,207.864,188.939,170.003,151.344,146.769,135.38,129.523,128.898,132.293,129.592,123.411,121.355,123.929,132.664,148.295,160.947,173.45,186.479,200.415,202.003,203.259,200.403,197.131,159.721,153.85,152.853,156.939,160.133,161.589,152.452,146.245,145.604,149.582,152.925,153.685,232.051,225.326,221.256,222.431,219.896,221.757,225.496,234.037,237.711,239.155,239.413,238.016,231.804,228.129,227.942,226.477,226.447,228.411,229.939,230.095,0.0,0.0,0.260411,0.0,0,0.228915,0.0610893,0.0,0.318356,0,0.0,0.0,0.0,0.0161194,0.0,0.0,0.0330421,0,0,0,1,0,1,0,0,0,0,0,0,0,0,0,0,0,0,0
18,1.13333,0.92971,1,0.253327,0.0620246,-0.96539,-0.0522049,0.0857592,-0.994947,-17.8387,47.6073,277.609,0.020771,-0.00139927,-0.113715,83.7676,85.8798,90.0102,95.9225,104.688,117.19,131.3,148.059,166.768,184.708,198.468,209.605,216.96,220.581,221.748,221.619,219.974,94.0806,101.524,114.13,128.052,140.839,161.396,173.449,186.07,198.555,207.025,153.349,154.814,156.369,158.008,143.578,151.207,159.159,166.851,173.501,108.752,115.769,125.021,133.523,125.658,116.467,172.053,179.901,188.934,196.264,190.176,181.27,133.833,144.491,154.316,161.238,168.282,178.411,188.14,179.758,170.468,162.836,155.458,145.132,138.277,154.878,161.791,169.085,184.069,169.007,161.718,154.757,166.79,187.133,207.498,226.923,244.358,258.576,269.103,275.717,275.508,270.581,258.859,243.836,226.645,207.912,188.975,170.019,151.343,146.699,135.347,129.525,128.912,132.305,129.589,123.411,121.346,123.899,132.607,148.288,160.944,173.453,186.487,200.409,202.0,203.256,200.401,197.129,159.708,153.846,152.853,156.93,160.118,161.57,152.434,146.233,145.588,149.557,152.896,153.658,232.056,225.327,221.256,222.429,219.894,221.755,225.493,234.03,237.707,239.154,239.413,238.021,231.812,228.127,227.937,226.473,226.449,228.411,229.94,230.1,0.0,0.0,0.26463,0.0,0,0.26427,0.0810679,0.0,0.328904,0,0.0,0.0,0.0361746,0.024609,0.0364187,0.0,0.0203776,0,0,0,1,0,1,0,0,0,0,0,0,0,0,0,0,0,0,0
19,1.2,0.930197,1,0.251335,0.0647747,-0.96573,-0.0552692,0.0870527,-0.994669,-17.628,47.2682,277.379,0.0181742,-0.00586107,-0.11454,83.8043,85.8954,90.0073,95.9248,104.728,117.265,131.463,148.271,167.007,184.92,198.603,209.672,217.004,220.607,221.756,221.589,219.887,94.1965,101.656,114.255,128.175,140.951,161.572,173.607,186.202,198.635,207.04,153.507,155.035,156.655,158.356,143.869,151.516,159.478,167.14,173.763,108.878,115.893,125.16,133.697,125.823,116.617,172.136,179.986,189.018,196.344,190.278,181.369,134.048,144.77,154.632,161.599,168.695,178.814,188.463,180.193,170.942,163.264,155.839,145.45,138.504,155.201,162.153,169.5,184.424,169.452,162.113,155.105,166.701,187.015,207.361,226.771,244.151,258.322,268.821,275.448,275.255,270.352,258.645,243.64,226.454,207.727,188.792,169.856,151.202,146.436,135.107,129.264,128.591,131.933,129.195,123.054,121.048,123.682,132.411,147.939,160.591,173.088,186.107,200.105,201.668,202.907,200.052,196.798,159.416,153.505,152.507,156.616,159.789,161.258,152.111,145.862,145.216,149.212,152.534,153.304,231.678,224.953,220.881,222.036,219.478,221.308,225.008,233.613,237.364,238.847,239.112,237.692,231.438,227.739,227.538,226.043,225.978,228.07,229.631,229.789,0.0,0.0,0.25963,0.0,0,0.23737,0.057784,0.0,0.344652,0,0.0,0.0119488,0.0653014,0.0366392,0.0632308,0.0,0.0291064,0,0,0,1,0,1,0,0,0,0,0,0,0,0,0,0,0,0,0
20,1.26667,0.933073,1,0.253115,0.0643127,-0.965296,-0.0565364,0.0859888,-0.994691,-17.6364,47.27,277.433,0.0201935,-0.00583979,-0.114952,83.7599,85.8601,89.9761,95.8921,104.694,117.234,131.433,148.262,167.029,184.979,198.685,209.762,217.074,220.643,221.761,221.573,219.855,94.1838,101.64,114.24,128.168,140.952,161.532,173.566,186.164,198.599,206.997,153.499,155.028,156.65,158.353,143.87,151.52,159.481,167.143,173.765,108.858,115.869,125.131,133.663,125.795,116.593,172.131,179.97,189.0,196.324,190.259,181.354,134.048,144.767,154.634,161.6,168.689,178.82,188.482,180.205,170.942,163.268,155.846,145.452,138.505,155.209,162.159,169.499,184.436,169.452,162.119,155.113,166.62,186.931,207.27,226.668,244.054,258.234,268.745,275.396,275.205,270.274,258.52,243.472,226.262,207.527,188.608,169.696,151.066,146.424,135.101,129.263,128.607,131.968,129.237,123.075,121.046,123.66,132.38,147.971,160.62,173.115,186.132,200.12,201.686,202.926,200.066,196.801,159.421,153.519,152.523,156.63,159.805,161.269,152.115,145.869,145.218,149.206,152.534,153.307,231.697,224.964,220.89,222.046,219.488,221.311,225.015,233.64,237.398,238.88,239.145,237.722,231.457,227.761,227.558,226.065,225.986,228.102,229.661,229.821,0.0,0.0,0.239199,0.0,0,0.292578,0.041861,0.0,0.349092,0,0.0,0.0119488,0.0852897,0.0389506,0.0840605,0.0,0.045268,0,0,0,1,0,1,0,0,0,0,0,0,0,0,0,0,0,0,0
21,1.33333,0.932932,1,0.253215,0.0644676,-0.96526,-0.0550418,0.0866295,-0.994719,-17.6389,47.2635,277.43,0.0211477,-0.00580949,-0.115304,83.7334,85.8403,89.9564,95.868,104.672,117.227,131.448,148.297,167.077,185.04,198.751,209.825,217.119,220.666,221.766,221.561,219.829,94.1719,101.618,114.23,128.172,140.971,161.493,173.524,186.125,198.561,206.954,153.499,155.029,156.652,158.358,143.871,151.523,159.485,167.148,173.766,108.849,115.855,125.108,133.633,125.77,116.579,172.126,179.963,188.983,196.3,190.235,181.341,134.074,144.784,154.644,161.604,168.684,178.802,188.457,180.186,170.935,163.271,155.857,145.471,138.528,155.222,162.166,169.497,184.409,169.449,162.125,155.127,166.552,186.876,207.226,226.638,244.045,258.234,268.744,275.392,275.192,270.23,258.436,243.365,226.15,207.416,188.507,169.607,150.991,146.43,135.094,129.248,128.602,131.98,129.26,123.094,121.053,123.65,132.365,147.984,160.636,173.135,186.156,200.125,201.694,202.936,200.073,196.798,159.413,153.527,152.531,156.627,159.801,161.262,152.106,145.874,145.225,149.2,152.526,153.298,231.703,224.97,220.899,222.056,219.497,221.315,225.017,233.64,237.398,238.881,239.149,237.732,231.46,227.768,227.563,226.071,225.988,228.105,229.667,229.831,0.0,0.0,0.264524,0.0,0,0.252052,0.0559615,0.0,0.325975,0,0.0,0.0119488,0.0677514,0.0268281,0.0476418,0.0,0.0408471,0,0,0,1,0,1,0,0,0,0,0,0,0,0,0,0,0,0,0
22,1.4,0.934212,1,0.250214,0.0641924,-0.96606,-0.0552072,0.0859794,-0.994766,-17.6295,47.1876,277.371,0.0220436,-0.00549228,-0.115723,83.8103,85.9005,90.0056,95.9112,104.698,117.234,131.45,148.331,167.135,185.11,198.798,209.849,217.134,220.682,221.778,221.555,219.797,94.2164,101.672,114.288,128.229,141.017,161.43,173.48,186.102,198.568,206.984,153.465,154.997,156.621,158.326,143.854,151.502,159.466,167.138,173.765,108.819,115.812,125.072,133.607,125.744,116.547,172.136,179.969,188.994,196.311,190.26,181.361,134.071,144.786,154.646,161.598,168.671,178.814,188.501,180.204,170.92,163.26,155.853,145.467,138.529,155.217,162.153,169.479,184.455,169.43,162.111,155.12,166.489,186.768,207.08,226.47,243.907,258.157,268.742,275.429,275.215,270.213,258.381,243.253,225.999,207.249,188.328,169.404,150.753,146.466,135.144,129.314,128.661,132.017,129.255,123.049,120.981,123.578,132.307,147.854,160.488,172.974,185.989,200.019,201.586,202.819,199.959,196.681,159.347,153.422,152.413,156.523,159.706,161.183,151.932,145.651,144.99,148.988,152.324,153.105,231.727,224.991,220.91,222.062,219.498,221.308,225.002,233.625,237.37,238.85,239.12,237.715,231.482,227.755,227.546,226.05,225.972,228.114,229.676,229.839,0.0,0.0,0.333814,0.0,0,0.280329,0.0801236,0.0,0.304844,0,0.0,0.0,0.0884858,0.0271876,0.0442498,0.0,0.0339628,0,0,0,1,0,1,0,0,0,0,0,0,0,0,0,0,0,0,0
23,1.46667,0.934052,1,0.250104,0.0631296,-0.966159,-0.0546295,0.0860121,-0.994795,-17.6086,47.1515,277.283,0.0210505,-0.0059585,-0.115963,83.7437,85.8761,90.0214,95.959,104.784,117.348,131.554,148.408,167.177,185.111,198.765,209.804,217.096,220.654,221.756,221.543,219.788,94.1508,101.599,114.226,128.192,141.011,161.414,173.496,186.148,198.639,207.044,153.481,155.026,156.663,158.385,143.866,151.53,159.51,167.19,173.822,108.792,115.793,125.066,133.611,125.739,116.526,172.117,179.954,188.991,196.32,190.259,181.347,134.088,144.799,154.676,161.63,168.701,178.853,188.535,180.255,170.97,163.312,155.899,145.493,138.549,155.253,162.191,169.514,184.484,169.476,162.159,155.164,166.459,186.789,207.148,226.564,243.992,258.221,268.785,275.45,275.23,270.24,258.423,243.298,226.038,207.273,188.338,169.403,150.746,146.498,135.123,129.239,128.545,131.883,129.141,122.966,120.934,123.583,132.374,147.805,160.445,172.934,185.951,199.981,201.537,202.769,199.902,196.623,159.338,153.402,152.389,156.502,159.69,161.173,151.92,145.637,144.983,148.986,152.319,153.098,231.713,224.921,220.806,221.958,219.393,221.228,224.971,233.639,237.402,238.881,239.153,237.736,231.463,227.675,227.463,225.97,225.94,228.102,229.664,229.828,0.0,0.0,0.372146,0.0,0,0.237296,0.102313,0.0,0.285557,0,0.0,0.0,0.107359,0.0406448,0.0641464,0.0,0.0163662,0,0,0,1,0,1,0,0,0,0,0,0,0,0,0,0,0,0,0
24,1.53333,0.933329,1,0.250519,0.0639565,-0.965997,-0.0557355,0.086951,-0.994652,-17.6227,47.145,277.337,0.0215438,-0.00519228,-0.116117,83.7434,85.8925,90.0448,95.9777,104.787,117.342,131.545,148.404,167.198,185.17,198.854,209.891,217.15,220.67,221.751,221.539,219.791,94.149,101.587,114.201,128.155,140.98,161.436,173.507,186.136,198.607,207.012,153.481,155.016,156.644,158.358,143.862,151.518,159.489,167.166,173.794,108.794,115.791,125.054,133.587,125.723,116.524,172.136,179.975,189.006,196.327,190.264,181.36,134.072,144.76,154.629,161.595,168.676,178.829,188.509,180.22,170.929,163.259,155.836,145.445,138.527,155.207,162.157,169.492,184.455,169.442,162.114,155.11,166.423,186.747,207.093,226.506,243.947,258.193,268.771,275.44,275.214,270.198,258.341,243.184,225.914,207.161,188.256,169.349,150.717,146.498,135.129,129.242,128.549,131.873,129.128,122.962,120.93,123.547,132.296,147.783,160.434,172.936,185.965,199.979,201.54,202.777,199.911,196.628,159.331,153.407,152.388,156.481,159.675,161.157,151.887,145.63,144.977,148.969,152.299,153.073,231.712,224.921,220.818,221.972,219.403,221.235,224.983,233.633,237.394,238.878,239.15,237.734,231.46,227.696,227.486,225.989,225.952,228.082,229.65,229.817,0.0,0.0,0.337832,0.0,0,0.304514,0.0708162,0.0,0.303687,0,0.0,0.0,0.0978774,0.0421739,0.084526,0.0163832,0.0150412,0,0,0,1,0,1,0,0,0,0,0,0,0,0,0,0,0,0,0
25,1.6,0.935541,1,0.251166,0.0626521,-0.965914,-0.0612372,0.0860943,-0.994403,-17.602,47.0339,276.987,0.0197523,-0.00608391,-0.115187,83.787,85.9201,90.0584,95.9778,104.772,117.281,131.428,148.237,167.014,184.984,198.686,209.755,217.036,220.574,221.683,221.503,219.779,94.0552,101.495,114.142,128.138,140.989,161.501,173.584,186.242,198.735,207.146,153.513,155.036,156.653,158.352,143.856,151.516,159.486,167.16,173.792,108.757,115.785,125.09,133.666,125.76,116.516,172.166,180.054,189.124,196.465,190.388,181.436,134.023,144.744,154.63,161.604,168.699,178.85,188.519,180.234,170.943,163.259,155.827,145.412,138.484,155.199,162.156,169.506,184.461,169.46,162.118,155.103,166.382,186.721,207.078,226.505,243.953,258.204,268.809,275.515,275.324,270.343,258.489,243.3,225.985,207.181,188.245,169.328,150.684,146.344,134.943,129.047,128.361,131.717,128.987,122.805,120.78,123.431,132.224,147.684,160.28,172.725,185.7,199.874,201.425,202.653,199.813,196.564,159.252,153.307,152.294,156.418,159.623,161.109,151.872,145.588,144.942,148.96,152.312,153.084,231.692,224.907,220.79,221.955,219.385,221.246,225.0,233.657,237.419,238.901,239.168,237.728,231.442,227.678,227.476,225.987,225.963,228.099,229.661,229.817,0.0,0.0,0.264267,0.0,0,0.402597,0.0690614,0.0,0.312794,0,0.0,0.0303589,0.0724544,0.051047,0.0747509,0.0671945,0.0069113,0,0,0,1,0,0,0,0,0,0,0,0,0,0,0,0,0,0,0
26,1.66667,0.935429,1,0.252472,0.062266,-0.965599,-0.0590409,0.0848887,-0.99464,-17.6164,47.0232,276.952,0.0189251,-0.0061318,-0.114799,83.8236,85.9444,90.0751,95.9916,104.772,117.261,131.391,148.192,166.962,184.917,198.599,209.658,216.954,220.522,221.656,221.488,219.772,94.0811,101.503,114.141,128.135,140.977,161.486,173.574,186.241,198.74,207.142,153.498,155.029,156.651,158.354,143.823,151.492,159.477,167.163,173.804,108.771,115.799,125.101,133.68,125.773,116.531,172.133,180.024,189.09,196.431,190.358,181.407,133.976,144.7,154.592,161.578,168.69,178.846,188.514,180.228,170.931,163.231,155.784,145.363,138.438,155.154,162.126,169.491,184.463,169.448,162.09,155.059,166.422,186.761,207.119,226.542,243.975,258.218,268.819,275.516,275.333,270.386,258.582,243.425,226.122,207.314,188.356,169.407,150.735,146.319,134.895,128.981,128.279,131.63,128.893,122.709,120.696,123.384,132.217,147.645,160.269,172.74,185.74,199.873,201.431,202.666,199.818,196.567,159.228,153.282,152.273,156.396,159.591,161.079,151.86,145.574,144.927,148.946,152.293,153.065,231.675,224.89,220.777,221.944,219.376,221.242,225.0,233.659,237.418,238.896,239.158,237.711,231.428,227.655,227.458,225.971,225.962,228.104,229.664,229.815,0.0,0.0,0.209885,0.0,0,0.393435,0.0561571,0.0,0.301562,0,0.0,0.0495105,0.046103,0.0517653,0.078471,0.120148,0.0,0,0,0,1,0,0,0,0,0,0,0,0,0,0,0,0,0,0,0
27,1.73333,0.935027,1,0.252912,0.061528,-0.965531,-0.0668047,0.0856693,-0.994081,-17.6229,47.0433,277.075,0.0180971,-0.00698583,-0.115246,83.8169,85.9468,90.097,96.0217,104.798,117.268,131.39,148.208,166.983,184.918,198.569,209.603,216.889,220.452,221.584,221.405,219.674,94.0889,101.51,114.141,128.127,140.954,161.438,173.526,186.189,198.684,207.069,153.467,155.017,156.659,158.383,143.855,151.521,159.504,167.183,173.815,108.787,115.797,125.104,133.676,125.783,116.534,172.072,179.923,188.988,196.326,190.275,181.329,134.068,144.782,154.667,161.628,168.706,178.848,188.504,180.254,170.979,163.312,155.891,145.468,138.534,155.235,162.18,169.512,184.459,169.481,162.156,155.15,166.474,186.817,207.184,226.604,244.03,258.263,268.844,275.513,275.313,270.38,258.615,243.484,226.2,207.405,188.445,169.48,150.792,146.365,134.938,129.018,128.298,131.633,128.875,122.682,120.666,123.368,132.227,147.621,160.258,172.739,185.747,199.877,201.427,202.652,199.797,196.537,159.227,153.241,152.229,156.38,159.577,161.071,151.81,145.478,144.818,148.864,152.212,152.996,231.735,224.903,220.763,221.92,219.352,221.219,224.999,233.659,237.414,238.891,239.162,237.74,231.475,227.639,227.428,225.942,225.963,228.111,229.667,229.826,0.0,0.0,0.170496,0.0,0,0.315043,0.0393573,0.0,0.278594,0,0.0,0.0495105,0.0369487,0.0653657,0.0881995,0.191408,0.0,0,0,0,1,0,0,0,0,0,0,0,0,0,0,0,0,0,0,0
28,1.8,0.934268,1,0.252573,0.0615367,-0.965619,-0.0674365,0.0859828,-0.994012,-17.6067,47.0361,277.085,0.018282,-0.00700366,-0.115174,83.8489,85.9654,90.1066,96.029,104.796,117.255,131.38,148.22,167.015,184.961,198.61,209.634,216.907,220.456,221.582,221.405,219.677,94.1378,101.561,114.197,128.184,141.002,161.448,173.545,186.218,198.715,207.093,153.473,155.021,156.66,158.38,143.87,151.53,159.507,167.181,173.811,108.803,115.808,125.117,133.69,125.8,116.55,172.093,179.945,189.01,196.344,190.299,181.352,134.134,144.821,154.681,161.639,168.712,178.846,188.488,180.257,170.995,163.331,155.915,145.516,138.602,155.251,162.192,169.519,184.44,169.489,162.17,155.167,166.445,186.776,207.13,226.539,243.969,258.215,268.813,275.498,275.3,270.363,258.596,243.459,226.171,207.374,188.416,169.447,150.755,146.349,134.925,129.017,128.305,131.645,128.877,122.671,120.65,123.361,132.235,147.619,160.252,172.731,185.737,199.872,201.424,202.647,199.795,196.537,159.221,153.232,152.219,156.372,159.574,161.07,151.796,145.461,144.801,148.848,152.201,152.986,231.765,224.912,220.765,221.922,219.354,221.231,225.034,233.668,237.412,238.888,239.159,237.745,231.497,227.65,227.437,225.953,225.99,228.11,229.664,229.822,0.0,0.0,0.181202,0.00849774,0,0.17897,0.0169499,0.0,0.261737,0,0.0,0.029412,0.0210254,0.0584316,0.102752,0.187927,0.0,0,0,0,1,0,0,0,0,0,0,0,0,0,0,0,0,0,0,0
29,1.86667,0.934161,1,0.253053,0.0616634,-0.965485,-0.0614008,0.0869415,-0.994319,-17.5911,47.038,277.082,0.0190497,-0.00823036,-0.114546,83.8036,85.9317,90.0685,95.9716,104.726,117.188,131.315,148.156,166.943,184.878,198.519,209.551,216.851,220.427,221.567,221.401,219.677,94.0851,101.527,114.154,128.128,140.952,161.606,173.681,186.305,198.767,207.154,153.555,155.119,156.774,158.508,143.919,151.595,159.588,167.267,173.897,108.771,115.793,125.114,133.695,125.786,116.53,172.182,180.045,189.119,196.455,190.402,181.448,134.061,144.806,154.709,161.671,168.745,178.885,188.531,180.278,170.993,163.329,155.906,145.474,138.535,155.265,162.215,169.542,184.489,169.501,162.182,155.172,166.4,186.722,207.057,226.455,243.889,258.15,268.769,275.483,275.311,270.387,258.624,243.486,226.193,207.385,188.415,169.434,150.732,146.306,134.916,129.025,128.315,131.627,128.865,122.7,120.689,123.356,132.164,147.622,160.281,172.786,185.818,199.883,201.45,202.686,199.828,196.563,159.214,153.237,152.223,156.368,159.575,161.066,151.799,145.482,144.826,148.865,152.219,152.998,231.716,224.899,220.772,221.933,219.367,221.237,225.018,233.676,237.421,238.89,239.156,237.726,231.465,227.655,227.448,225.967,225.982,228.106,229.655,229.811,0.0,0.0,0.292453,0.00849774,0,0.334669,0.0,0.0,0.240773,0,0.0,0.0285233,0.00851482,0.0389646,0.0851016,0.19339,0.0,0,0,0,1,0,0,0,0,0,0,0,0,0,0,0,0,0,0,0
30,1.93333,0.930827,1,0.253948,0.0645516,-0.965061,-0.0604634,0.0875701,-0.994322,-17.4455,47.019,277.038,0.0199678,-0.00606164,-0.113442,84.0973,86.1931,90.3171,96.2284,104.956,117.362,131.434,148.224,166.981,184.907,198.57,209.632,216.967,220.605,221.822,221.742,220.105,94.4179,101.862,114.54,128.563,141.398,161.612,173.759,186.479,199.042,207.487,153.695,155.212,156.815,158.499,143.969,151.623,159.61,167.304,173.953,109.037,116.076,125.392,133.963,126.063,116.803,172.358,180.246,189.316,196.658,190.598,181.636,134.303,144.951,154.777,161.704,168.758,178.866,188.498,180.251,171.008,163.365,155.97,145.621,138.776,155.324,162.242,169.547,184.451,169.51,162.211,155.232,166.265,186.605,206.963,226.375,243.83,258.117,268.764,275.469,275.295,270.389,258.663,243.521,226.215,207.384,188.387,169.367,150.605,146.351,134.892,128.989,128.276,131.612,128.855,122.658,120.631,123.354,132.258,147.565,160.241,172.764,185.813,199.846,201.424,202.664,199.816,196.568,159.148,153.183,152.178,156.325,159.52,161.013,151.771,145.446,144.8,148.832,152.202,152.978,231.756,224.902,220.747,221.921,219.365,221.29,225.131,233.734,237.448,238.907,239.168,237.751,231.49,227.637,227.441,225.979,226.074,228.114,229.652,229.796,0.0,0.0,0.375057,0.00849774,0,0.428493,0.0,0.0,0.221804,0,0.0,0.0448902,0.00851482,0.0203521,0.120881,0.140627,0.00511759,0,0,0,1,0,1,0,0,0,0,0,0,0,0,0,0,0,0,0
31,2.0,0.931562,1,0.253943,0.0645307,-0.965064,-0.0597211,0.0877866,-0.994347,-17.4331,46.996,276.939,0.020646,-0.00691954,-0.11372,84.036,86.1512,90.286,96.1942,104.918,117.331,131.432,148.258,167.025,184.941,198.588,209.637,216.967,220.606,221.823,221.737,220.089,94.3641,101.77,114.474,128.542,141.418,161.532,173.679,186.417,199.007,207.467,153.693,155.232,156.855,158.559,143.996,151.662,159.66,167.355,174.002,109.029,116.069,125.382,133.965,126.063,116.805,172.332,180.224,189.289,196.631,190.573,181.613,134.361,144.996,154.811,161.745,168.805,178.895,188.51,180.28,171.057,163.409,156.01,145.672,138.838,155.357,162.282,169.592,184.462,169.557,162.253,155.267,166.223,186.545,206.877,226.274,243.734,258.036,268.712,275.444,275.284,270.375,258.647,243.51,226.211,207.381,188.366,169.322,150.536,146.435,134.924,128.993,128.283,131.639,128.893,122.666,120.617,123.335,132.26,147.59,160.273,172.803,185.858,199.856,201.439,202.681,199.824,196.568,159.151,153.198,152.191,156.331,159.522,161.019,151.771,145.445,144.799,148.816,152.193,152.972,231.73,224.889,220.741,221.919,219.36,221.283,225.116,233.708,237.417,238.879,239.137,237.717,231.457,227.62,227.428,225.965,226.053,228.091,229.634,229.776,0.0,0.0,0.386226,0.0660508,0,0.538098,0.0,0.0,0.198881,0,0.0,0.0346298,0.0,0.00566244,0.155798,0.135039,0.00511759,0,0,0,1,0,1,0,0,0,0,0,0,0,0,0,0,0,0,0
32,2.06667,0.931692,1,0.249765,0.0605884,-0.966409,-0.0579281,0.0848234,-0.994711,-17.3738,46.9016,277.149,0.0173616,-0.00917389,-0.113725,83.9699,86.084,90.2356,96.1585,104.903,117.349,131.437,148.275,167.05,184.978,198.628,209.676,217.001,220.614,221.795,221.663,219.958,94.4148,101.918,114.547,128.504,141.286,161.839,173.893,186.492,198.935,207.334,153.824,155.405,157.074,158.817,144.267,151.91,159.864,167.517,174.122,109.042,116.059,125.401,133.965,126.068,116.793,172.435,180.248,189.336,196.661,190.642,181.681,134.479,145.148,154.968,161.908,168.946,179.036,188.611,180.406,171.156,163.529,156.126,145.791,138.969,155.513,162.445,169.736,184.572,169.665,162.383,155.394,166.282,186.591,206.922,226.307,243.724,257.966,268.561,275.252,275.09,270.25,258.58,243.492,226.217,207.414,188.428,169.396,150.643,145.979,134.616,128.75,128.032,131.327,128.545,122.362,120.356,123.021,131.823,147.405,160.082,172.605,185.649,199.774,201.331,202.558,199.735,196.497,159.056,153.031,152.018,156.206,159.44,160.931,151.618,145.258,144.592,148.678,152.06,152.845,231.756,224.83,220.653,221.828,219.279,221.239,225.15,233.665,237.319,238.753,239.004,237.609,231.473,227.619,227.412,225.961,226.081,227.964,229.478,229.626,0.0,0.0,0.311938,0.0660508,0,0.43377,0.027348,0.0,0.196619,0,0.0,0.016367,0.0,0.0197295,0.163533,0.149951,0.00511759,0,0,0,1,0,1,0,0,0,0,0,0,0,0,0,0,0,0,0
33,2.13333,0.933886,1,0.252866,0.0605323,-0.965606,-0.0613066,0.0869566,-0.994324,-17.517,46.749,276.981,0.0146387,-0.00738935,-0.114492,83.9298,86.0556,90.2071,96.1285,104.867,117.294,131.384,148.19,166.962,184.902,198.548,209.602,216.931,220.538,221.7,221.558,219.855,94.1463,101.642,114.291,128.237,141.016,161.715,173.833,186.456,198.909,207.314,153.588,155.142,156.784,158.507,143.928,151.602,159.605,167.3,173.937,108.704,115.72,125.063,133.65,125.731,116.455,172.338,180.193,189.284,196.622,190.579,181.609,134.387,145.024,154.787,161.72,168.763,178.819,188.404,180.201,170.997,163.364,155.981,145.695,138.863,155.347,162.268,169.566,184.355,169.503,162.214,155.239,166.162,186.523,206.904,226.32,243.772,258.001,268.535,275.145,274.927,270.059,258.408,243.359,226.103,207.285,188.299,169.274,150.538,146.059,134.681,128.817,128.088,131.337,128.518,122.405,120.39,123.046,131.865,147.332,159.997,172.512,185.546,199.621,201.183,202.403,199.549,196.279,159.026,153.017,151.986,156.133,159.374,160.88,151.494,145.157,144.496,148.547,151.912,152.7,231.666,224.707,220.516,221.668,219.102,221.049,224.96,233.291,236.906,238.36,238.644,237.357,231.365,227.418,227.192,225.727,225.88,227.63,229.17,229.343,0.0,0.0,0.29845,0.0660508,0,0.342896,0.0345837,0.0,0.183485,0,0.0,0.0,0.00258895,0.0140671,0.174267,0.132041,0.0,0,0,0,1,0,1,0,0,0,0,0,0,0,0,0,0,0,0,0
34,2.2,0.935398,1,0.252859,0.0617225,-0.965532,-0.0575478,0.086246,-0.99461,-17.5776,46.6175,277.01,0.0128663,-0.00756221,-0.117318,83.7575,85.9627,90.1864,96.1672,104.929,117.36,131.462,148.315,167.141,185.109,198.728,209.725,216.978,220.501,221.595,221.403,219.655,94.0745,101.487,114.096,128.055,140.848,161.352,173.489,186.148,198.613,206.972,153.388,155.003,156.705,158.491,143.894,151.59,159.613,167.303,173.925,108.646,115.626,124.943,133.517,125.635,116.386,172.061,179.866,188.931,196.266,190.245,181.303,134.461,145.011,154.775,161.736,168.792,178.875,188.431,180.323,171.136,163.483,156.069,145.76,138.938,155.366,162.309,169.623,184.39,169.601,162.292,155.288,166.328,186.689,207.064,226.456,243.847,258.035,268.531,275.114,274.863,269.96,258.281,243.189,225.905,207.092,188.13,169.126,150.424,146.159,134.662,128.648,127.791,130.982,128.105,121.977,120.008,122.776,131.713,147.153,159.892,172.467,185.555,199.545,201.084,202.295,199.398,196.104,159.044,152.999,151.945,156.057,159.304,160.836,151.303,144.958,144.274,148.306,151.653,152.467,231.581,224.436,220.169,221.296,218.707,220.657,224.684,233.157,236.855,238.341,238.646,237.351,231.247,227.133,226.876,225.39,225.61,227.516,229.088,229.284,0.0,0.0,0.302132,0.0,0,0.316654,0.034688,0.0,0.194859,0,0.0,0.0530645,0.00258895,0.0140671,0.161848,0.153329,0.0,0,0,0,1,0,0,0,0,0,0,0,0,0,0,0,0,0,0,0
35,2.26667,0.933728,1,0.253457,0.0616051,-0.965383,-0.056945,0.0862355,-0.994646,-17.6216,46.6086,276.977,0.0129341,-0.00668122,-0.11741,83.7462,85.9147,90.1087,96.0886,104.855,117.285,131.403,148.286,167.141,185.127,198.759,209.75,216.985,220.489,221.575,221.391,219.661,94.0831,101.472,114.066,128.014,140.791,161.3,173.444,186.111,198.585,206.955,153.298,154.884,156.557,158.314,143.758,151.456,159.485,167.185,173.827,108.622,115.604,124.912,133.478,125.605,116.366,172.037,179.855,188.916,196.251,190.222,181.284,134.395,144.949,154.714,161.666,168.71,178.815,188.407,180.288,171.096,163.453,156.049,145.728,138.873,155.314,162.244,169.546,184.358,169.542,162.244,155.251,166.328,186.684,207.057,226.456,243.858,258.066,268.569,275.141,274.864,269.931,258.245,243.156,225.871,207.058,188.092,169.088,150.383,146.143,134.648,128.647,127.811,131.021,128.133,121.987,120.003,122.77,131.711,147.158,159.877,172.432,185.503,199.512,201.058,202.267,199.363,196.065,159.047,153.017,151.963,156.052,159.301,160.831,151.295,144.973,144.292,148.307,151.648,152.46,231.594,224.446,220.174,221.293,218.7,220.637,224.655,233.153,236.867,238.361,238.677,237.395,231.259,227.134,226.87,225.378,225.585,227.54,229.112,229.312,0.0,0.0,0.292487,0.0,0,0.326738,0.00734,0.0,0.202084,0,0.0,0.110699,0.00258895,0.0,0.186245,0.0872565,0.0,0,0,0,1,0,0,0,0,0,0,0,0,0,0,0,0,0,0,0
36,2.33333,0.932323,1,0.253433,0.061764,-0.965379,-0.0570116,0.0854928,-0.994706,-17.6573,46.6217,276.922,0.0123105,-0.00614779,-0.116585,83.7203,85.8883,90.0934,96.0781,104.838,117.259,131.351,148.197,167.027,185.018,198.67,209.691,216.934,220.455,221.563,221.398,219.681,94.0819,101.464,114.073,128.035,140.822,161.319,173.454,186.119,198.595,206.958,153.324,154.896,156.554,158.295,143.771,151.443,159.445,167.135,173.763,108.62,115.603,124.914,133.472,125.601,116.356,172.045,179.859,188.925,196.253,190.229,181.283,134.473,144.962,154.663,161.583,168.592,178.644,188.193,180.074,170.912,163.305,155.935,145.701,138.945,155.251,162.152,169.42,184.138,169.383,162.122,155.163,166.264,186.641,207.032,226.448,243.873,258.088,268.583,275.132,274.861,269.95,258.28,243.199,225.923,207.12,188.157,169.138,150.421,146.127,134.61,128.603,127.791,131.02,128.147,121.998,120.001,122.76,131.717,147.163,159.867,172.41,185.47,199.523,201.066,202.273,199.402,196.123,159.028,153.002,151.952,156.054,159.31,160.836,151.323,145.0,144.325,148.355,151.71,152.514,231.711,224.546,220.262,221.401,218.827,220.827,224.902,233.265,236.891,238.352,238.652,237.392,231.359,227.243,226.991,225.53,225.807,227.56,229.105,229.295,0.0,0.0,0.272598,0.0,0,0.308691,0.000104242,0.0,0.207325,0,0.0,0.110699,0.0,0.0,0.11034,0.0864355,0.0,0,0,0,1,0,0,0,0,0,0,0,0,0,0,0,0,0,0,0
37,2.4,0.932968,1,0.250853,0.0595783,-0.96619,-0.0564232,0.0849715,-0.994785,-17.6987,46.6358,276.867,0.0118513,-0.0058604,-0.115748,83.7056,85.8361,90.0209,95.9863,104.741,117.172,131.256,148.104,166.916,184.894,198.558,209.605,216.888,220.445,221.572,221.399,219.665,94.092,101.541,114.164,128.117,140.886,161.261,173.379,186.042,198.529,206.919,153.312,154.877,156.528,158.262,143.759,151.417,159.397,167.081,173.708,108.596,115.582,124.91,133.472,125.589,116.325,172.011,179.819,188.898,196.231,190.212,181.255,134.316,144.855,154.599,161.518,168.526,178.615,188.202,180.037,170.829,163.221,155.847,145.57,138.798,155.18,162.082,169.349,184.142,169.305,162.043,155.083,166.226,186.608,207.029,226.473,243.927,258.166,268.692,275.263,275.01,270.125,258.462,243.369,226.075,207.247,188.25,169.203,150.458,146.019,134.544,128.584,127.793,131.048,128.206,122.038,120.043,122.783,131.714,147.125,159.791,172.3,185.332,199.508,201.035,202.234,199.389,196.136,158.97,152.915,151.877,156.029,159.279,160.795,151.332,144.965,144.288,148.36,151.72,152.523,231.748,224.58,220.283,221.432,218.869,220.887,224.977,233.391,237.013,238.457,238.749,237.468,231.409,227.292,227.046,225.596,225.885,227.657,229.184,229.367,0.0114984,0.0,0.331374,0.0,0,0.344424,0.0,0.0,0.209894,0,0.0,0.0870784,0.0,0.0219107,0.103402,0.0612343,0.0,0,0,0,1,0,0,0,0,0,0,0,0,0,0,0,0,0,0,0
38,2.46667,0.936689,1,0.250521,0.0598108,-0.966262,-0.0558364,0.0858583,-0.994741,-17.6608,46.6583,276.345,0.0128155,-0.00730639,-0.115284,83.6296,85.7291,89.9008,95.874,104.648,117.085,131.159,148.045,166.888,184.879,198.527,209.562,216.852,220.429,221.563,221.377,219.627,94.0642,101.476,114.12,128.111,140.89,161.261,173.374,186.059,198.573,206.965,153.307,154.904,156.584,158.342,143.809,151.468,159.454,167.134,173.76,108.585,115.575,124.902,133.486,125.595,116.332,171.994,179.831,188.905,196.229,190.218,181.258,134.312,144.904,154.679,161.57,168.555,178.651,188.253,180.066,170.837,163.256,155.907,145.607,138.81,155.239,162.117,169.357,184.202,169.31,162.077,155.138,166.246,186.604,207.011,226.462,243.968,258.31,268.996,275.731,275.56,270.681,258.966,243.767,226.374,207.454,188.352,169.198,150.347,146.079,134.57,128.607,127.846,131.137,128.277,122.037,120.011,122.769,131.747,147.12,159.808,172.344,185.411,199.585,201.139,202.351,199.498,196.24,158.979,152.936,151.895,156.01,159.27,160.8,151.321,144.973,144.302,148.36,151.724,152.518,231.818,224.743,220.49,221.652,219.099,221.089,225.106,233.614,237.232,238.658,238.927,237.594,231.5,227.473,227.244,225.803,226.021,227.881,229.394,229.553,0.0114984,0.0,0.416897,0.0,0,0.386799,0.0,0.0,0.201985,0,0.0144154,0.0957338,0.0,0.0284475,0.131628,0.165445,0.0,0,0,0,1,0,0,0,0,0,0,0,0,0,0,0,0,0,0,0
39,2.53333,0.930587,1,0.250285,0.0609607,-0.966251,-0.0539009,0.0882435,-0.99464,-17.6821,46.8946,275.065,0.0104807,-0.00794079,-0.112017,83.51,85.5531,89.7446,95.7566,104.52,116.89,130.838,147.687,166.499,184.453,198.052,209.083,216.444,220.178,221.5,221.451,219.768,94.0354,101.442,114.134,128.184,140.967,161.254,173.436,186.155,198.729,207.125,153.302,154.889,156.556,158.297,143.742,151.361,159.331,167.027,173.66,108.511,115.538,124.898,133.502,125.587,116.286,171.983,179.852,188.952,196.257,190.254,181.254,134.45,144.789,154.532,161.388,168.321,178.383,187.804,179.814,170.63,163.086,155.741,145.48,138.993,155.063,161.91,169.097,183.748,169.089,161.902,154.983,166.27,186.782,207.373,226.995,244.751,259.381,270.406,277.32,277.248,272.398,260.579,245.118,227.507,208.378,189.041,169.609,150.499,146.192,134.582,128.583,127.813,131.092,128.272,122.059,120.054,122.881,131.956,147.034,159.701,172.222,185.291,199.716,201.267,202.48,199.687,196.479,158.985,152.916,151.868,155.975,159.248,160.795,151.334,145.004,144.374,148.463,151.831,152.583,232.838,225.361,220.895,222.115,219.591,221.871,226.377,235.072,238.702,240.078,240.306,238.832,232.461,228.074,227.859,226.508,227.239,229.063,230.532,230.65,0.0114984,0.0,0.46748,0.0,0,0.432558,0.0,0.0,0.20868,0,0.0235377,0.139737,0.0,0.0405071,0.204807,0.270986,0.0,0,0,0,1,0,0,0,0,0,0,0,0,0,0,0,0,0,0,0
40,2.6,0.93018,1,0.249434,0.060476,-0.966502,-0.0556721,0.0874294,-0.994614,-17.7007,46.9425,275.117,0.00674292,-0.00803768,-0.110736,83.5954,85.6123,89.7958,95.8081,104.559,116.907,130.831,147.647,166.396,184.26,197.801,208.818,216.254,220.084,221.478,221.472,219.826,94.0477,101.471,114.161,128.189,140.939,161.312,173.499,186.214,198.787,207.199,153.282,154.874,156.542,158.282,143.716,151.329,159.301,167.001,173.639,108.506,115.534,124.901,133.516,125.593,116.284,171.984,179.848,188.954,196.268,190.265,181.26,134.445,144.78,154.512,161.36,168.286,178.344,187.756,179.779,170.605,163.066,155.727,145.474,138.996,155.034,161.875,169.053,183.71,169.054,161.875,154.959,166.421,186.923,207.512,227.124,244.844,259.441,270.433,277.313,277.261,272.518,260.869,245.565,228.047,208.953,189.569,170.055,150.871,146.179,134.578,128.602,127.819,131.076,128.245,122.047,120.07,122.922,132.013,147.014,159.693,172.224,185.301,199.704,201.256,202.466,199.677,196.482,158.989,152.903,151.855,155.967,159.236,160.787,151.347,145.007,144.382,148.488,151.845,152.593,232.845,225.363,220.892,222.108,219.595,221.898,226.421,235.093,238.708,240.073,240.295,238.823,232.465,228.05,227.836,226.492,227.279,229.071,230.528,230.641,0.0397057,0.0,0.477378,0.0,0,0.351178,0.0,0.0,0.131011,0,0.104791,0.157165,0.0,0.0185964,0.305307,0.413688,0.0,0,0,0,1,0,0,0,0,0,0,0,0,0,0,0,0,0,0,0
41,2.66667,0.931314,1,0.248028,0.0599274,-0.966897,-0.0529996,0.0875767,-0.994747,-17.6675,47.2584,274.542,0.00533827,-0.0076142,-0.110222,83.5832,85.6064,89.8823,96.0157,104.823,117.139,130.943,147.725,166.443,184.232,197.69,208.606,216.021,219.884,221.38,221.474,219.883,94.0736,101.508,114.173,128.173,140.874,161.216,173.43,186.15,198.739,207.174,153.173,154.764,156.429,158.166,143.678,151.269,159.228,166.938,173.595,108.471,115.495,124.892,133.53,125.6,116.263,171.922,179.782,188.92,196.244,190.238,181.197,134.669,144.779,154.502,161.359,168.256,178.384,187.712,179.935,170.768,163.237,155.865,145.581,139.272,155.057,161.898,169.05,183.637,169.134,161.974,155.041,166.62,187.239,207.957,227.657,245.481,260.231,271.438,278.431,278.425,273.725,262.053,246.618,228.972,209.769,190.249,170.574,151.255,146.195,134.575,128.607,127.803,131.048,128.26,122.065,120.12,122.997,132.101,147.036,159.728,172.264,185.356,199.951,201.48,202.676,199.891,196.709,159.128,152.996,151.935,156.041,159.343,160.913,151.438,145.106,144.5,148.628,151.99,152.718,233.76,225.877,221.193,222.423,219.908,222.399,227.325,236.294,240.044,241.415,241.637,240.045,233.331,228.572,228.334,227.024,228.168,230.098,231.545,231.645,0.0997486,0.0,0.452718,0.0,0,0.254005,0.0206183,0.0,0.0692132,0,0.142625,0.157681,0.0,0.0120596,0.438131,0.512539,0.0,0,0,0,1,0,0,0,0,0,0,0,0,0,0,0,0,0,0,0
42,2.73333,0.934504,1,0.252606,0.0596307,-0.96573,-0.0539454,0.0839173,-0.995011,-17.7018,47.4981,274.822,0.0129282,-0.00799104,-0.10908,83.6027,85.5973,89.873,96.0558,104.918,117.264,131.061,147.777,166.382,184.031,197.358,208.257,215.78,219.796,221.389,221.497,219.908,94.192,101.642,114.271,128.248,140.868,161.312,173.492,186.2,198.763,207.133,153.214,154.795,156.452,158.184,143.636,151.226,159.189,166.906,173.565,108.447,115.497,124.905,133.542,125.596,116.247,171.949,179.772,188.922,196.256,190.263,181.211,134.494,144.474,154.346,161.234,168.16,178.439,187.738,180.104,170.838,163.25,155.802,145.334,139.102,154.895,161.766,168.938,183.679,169.202,161.991,154.991,166.65,187.295,208.018,227.704,245.537,260.318,271.613,278.729,278.805,274.089,262.377,246.913,229.263,210.066,190.51,170.77,151.388,146.106,134.507,128.585,127.774,131.061,128.242,122.016,120.072,122.992,132.12,147.144,159.864,172.413,185.515,199.915,201.463,202.682,199.881,196.697,159.151,152.983,151.955,156.133,159.376,160.905,151.522,145.119,144.489,148.645,152.0,152.752,233.767,225.651,220.878,222.108,219.605,222.168,227.349,237.104,241.215,242.616,242.802,240.845,233.357,228.271,228.031,226.74,228.224,231.188,232.658,232.728,0.140241,0.0,0.442922,0.0,0,0.19521,0.0517196,0.0,0.0,0,0.170255,0.189609,0.0,0.0,0.55868,0.553371,0.0,0,0,0,1,0,0,0,0,0,0,0,0,0,0,0,0,0,0,0
43,2.8,0.930778,1,0.252774,0.0599015,-0.965669,-0.0538803,0.0848974,-0.994932,-17.6901,47.5019,274.839,0.0126244,-0.00826094,-0.109336,83.5826,85.5905,89.8884,96.0927,104.971,117.319,131.109,147.798,166.376,184.01,197.347,208.253,215.781,219.802,221.403,221.519,219.938,94.1685,101.619,114.263,128.24,140.852,161.3,173.462,186.153,198.702,207.086,153.197,154.782,156.442,158.174,143.669,151.247,159.195,166.898,173.546,108.447,115.498,124.903,133.537,125.596,116.25,171.952,179.763,188.91,196.239,190.252,181.204,134.668,144.573,154.386,161.276,168.203,178.435,187.67,180.108,170.902,163.312,155.864,145.451,139.277,154.94,161.811,168.986,183.612,169.258,162.043,155.043,166.623,187.289,208.031,227.726,245.563,260.324,271.598,278.702,278.786,274.097,262.404,246.963,229.322,210.121,190.546,170.781,151.377,146.074,134.48,128.58,127.787,131.082,128.264,122.033,120.066,122.944,132.034,147.167,159.885,172.43,185.525,199.92,201.468,202.683,199.883,196.699,159.148,152.987,151.957,156.129,159.377,160.906,151.515,145.121,144.49,148.633,151.996,152.751,233.805,225.652,220.867,222.097,219.59,222.174,227.391,237.095,241.211,242.622,242.809,240.856,233.376,228.27,228.026,226.736,228.255,231.174,232.653,232.724,0.116296,0.0,0.443682,0.0,0,0.145294,0.11329,0.0,0.0186587,0,0.122347,0.212257,0.0,0.0,0.592242,0.693174,0.0,0,0,0,1,0,0,0,0,0,0,1,0,0,0,0,1,0,0,0
44,2.86667,0.934723,1,0.252259,0.0610709,-0.965731,-0.0512749,0.0826245,-0.995261,-17.4579,47.8495,274.81,0.0204286,-0.0127372,-0.109967,83.5296,85.5444,89.8134,95.9961,104.924,117.398,131.353,148.152,166.753,184.346,197.599,208.454,215.962,219.956,221.526,221.587,219.953,94.1997,101.674,114.331,128.352,141.016,161.578,173.686,186.326,198.799,207.117,153.496,155.129,156.846,158.636,144.075,151.662,159.592,167.249,173.85,108.562,115.619,125.041,133.69,125.739,116.383,172.18,179.981,189.136,196.453,190.478,181.43,134.782,144.793,154.733,161.657,168.598,178.871,188.058,180.578,171.346,163.742,156.254,145.686,139.392,155.293,162.192,169.376,184.022,169.708,162.478,155.439,166.855,187.511,208.206,227.878,245.705,260.47,271.794,279.031,279.172,274.393,262.529,246.997,229.323,210.118,190.577,170.905,151.59,146.132,134.581,128.689,127.898,131.236,128.504,122.301,120.368,123.22,132.2,147.561,160.267,172.793,185.872,200.305,201.846,203.07,200.266,197.075,159.421,153.262,152.256,156.477,159.714,161.214,151.927,145.521,144.893,149.051,152.424,153.181,234.026,225.978,221.248,222.478,219.971,222.477,227.598,237.703,242.015,243.457,243.632,241.502,233.647,228.604,228.371,227.062,228.506,231.988,233.495,233.552,0.320965,0.333108,0.520722,0.0,0,0.225084,0.231793,0.0,0.105318,0,0.130551,0.249742,0.0,0.0,0.50522,0.77074,0.703491,0,0,0,1,0,0,0,0,0,0,1,0,0,0,1,1,0,0,0
45,2.93333,0.898102,1,0.273847,0.12615,-0.953464,-0.0736393,0.136723,-0.987868,-17.5946,50.318,281.039,0.0197856,-0.00578004,-0.106339,85.0765,86.6056,90.2171,96.1732,105.193,117.797,131.505,148.255,166.869,184.43,197.993,208.861,215.974,219.694,221.083,221.274,220.202,97.8696,103.539,115.182,129.086,141.68,161.582,173.406,185.887,198.115,205.763,154.083,155.409,156.813,158.251,144.289,151.762,159.542,167.109,173.717,113.043,120.059,128.261,136.048,128.916,120.748,171.473,179.153,187.357,194.187,188.149,180.007,135.21,144.817,154.631,161.566,168.446,178.542,187.534,180.096,171.098,163.61,156.203,145.773,139.623,155.19,162.052,169.154,183.633,169.478,162.368,155.364,167.929,188.298,208.836,228.656,246.303,261.171,272.496,279.69,280.016,274.939,263.036,247.554,230.059,211.157,191.717,172.245,153.285,148.422,135.894,128.842,127.989,131.651,128.881,122.598,121.032,124.859,134.624,150.75,162.475,173.969,186.099,200.714,202.249,203.551,200.819,197.836,162.891,158.353,157.373,159.596,162.704,164.111,155.528,151.406,151.031,153.753,156.568,157.104,234.111,226.128,221.539,222.809,220.479,222.948,228.181,238.593,242.818,244.212,244.323,242.043,233.686,228.978,228.845,227.601,229.022,232.965,234.36,234.419,0.471693,0.474139,0.626316,0.0,0,0.364719,0.319627,0.0,0.139903,0,0.153934,0.287032,0.0,0.0,0.494119,0.906128,1.29681,0,0,0,1,0,0,0,0,0,0,1,0,0,0,1,1,0,1,0
46,3.0,0.911087,1,0.295334,0.105288,-0.949575,-0.0837427,0.128049,-0.988226,-17.4642,50.076,279.859,0.0182775,-0.00882075,-0.106828,84.8601,86.4524,90.1427,96.156,105.204,117.835,131.589,148.333,166.935,184.498,197.94,208.814,216.046,219.842,221.227,221.348,220.145,97.2961,103.235,115.08,129.055,141.676,161.739,173.628,186.162,198.416,206.117,154.11,155.51,156.988,158.509,144.331,151.862,159.709,167.311,173.927,112.098,119.138,127.548,135.522,128.217,119.857,171.861,179.597,187.975,194.886,188.849,180.539,135.267,144.92,154.77,161.69,168.548,178.736,187.759,180.34,171.245,163.758,156.346,145.876,139.726,155.318,162.176,169.256,183.834,169.635,162.527,155.516,167.997,188.406,208.951,228.709,246.37,261.184,272.478,279.744,280.115,275.123,263.27,247.816,230.281,211.298,191.819,172.277,153.257,148.318,135.862,128.932,128.039,131.641,128.823,122.533,120.923,124.654,134.397,150.433,162.276,173.891,186.136,200.731,202.272,203.561,200.814,197.791,162.754,157.957,156.951,159.422,162.593,164.024,155.191,150.74,150.324,153.252,156.144,156.723,234.325,226.188,221.527,222.787,220.445,222.983,228.35,238.845,243.127,244.502,244.612,242.286,233.893,228.965,228.81,227.586,229.175,233.289,234.682,234.737,0.549057,0.474139,0.616644,0.0,0,0.482083,0.379202,0.0,0.136697,0,0.184649,0.339031,0.0,0.0,0.525582,0.960497,1.532,0,0,0,1,0,0,0,0,0,0,1,0,0,0,1,1,0,1,0
47,3.06667,0.92701,1,0.256528,0.0590528,-0.964731,-0.0443442,0.093764,-0.994606,-17.371,48.8611,276.008,0.0166981,-0.0108437,-0.107365,84.0603,85.9009,89.9499,96.1732,105.213,117.77,131.575,148.183,166.758,184.403,197.692,208.53,215.977,219.996,221.598,221.768,220.363,95.4434,102.329,114.708,128.713,141.327,161.908,173.929,186.472,198.811,206.91,153.844,155.377,156.986,158.657,144.037,151.645,159.647,167.376,174.031,109.603,116.704,125.647,134.064,126.331,117.471,172.483,180.367,189.159,196.281,190.204,181.491,135.277,144.871,154.657,161.597,168.515,178.725,187.682,180.364,171.221,163.643,156.151,145.781,139.847,155.194,162.104,169.252,183.688,169.622,162.419,155.368,167.652,188.236,208.89,228.573,246.368,261.14,272.445,279.711,280.026,275.225,263.367,247.876,230.25,211.147,191.641,171.982,152.813,147.02,135.15,128.89,128.096,131.51,128.726,122.559,120.702,123.778,132.934,148.733,161.239,173.545,186.423,200.572,202.207,203.519,200.701,197.506,160.932,155.5,154.441,157.667,160.884,162.379,153.181,147.861,147.379,150.86,153.946,154.564,234.682,226.355,221.575,222.842,220.418,223.131,228.693,238.875,243.188,244.584,244.694,242.41,234.241,229.055,228.86,227.652,229.511,233.056,234.514,234.557,0.369178,0.141031,0.559292,0.0,0,0.399457,0.276783,0.0,0.0500386,0,0.230101,0.385587,0.0,0.0,0.624305,0.997777,0.917412,0,0,0,1,0,0,0,0,0,0,1,0,0,0,1,1,0,1,0
48,3.13333,0.934451,1,0.250867,0.0577467,-0.966298,-0.0431436,0.0825528,-0.995652,-17.2335,48.3885,274.863,0.0197964,-0.0104259,-0.105154,83.805,85.7535,89.9761,96.2447,105.243,117.722,131.521,148.118,166.672,184.311,197.616,208.49,215.995,220.081,221.796,222.069,220.668,95.0367,102.348,114.901,128.888,141.502,162.28,174.375,186.954,199.362,207.602,154.032,155.553,157.153,158.822,144.13,151.726,159.715,167.449,174.109,109.195,116.342,125.593,134.143,126.241,117.059,172.75,180.652,189.688,196.929,190.879,181.928,135.105,144.795,154.636,161.565,168.509,178.747,187.779,180.359,171.147,163.535,156.026,145.63,139.698,155.152,162.064,169.243,183.736,169.582,162.347,155.292,166.97,187.715,208.503,228.274,246.195,261.072,272.472,279.707,279.929,275.178,263.344,247.794,230.1,210.937,191.422,171.706,152.387,146.482,134.798,128.784,128.018,131.364,128.6,122.504,120.632,123.583,132.66,148.065,160.815,173.374,186.481,200.565,202.196,203.508,200.715,197.529,160.041,154.202,153.187,157.005,160.226,161.705,152.555,146.635,146.094,149.985,153.238,153.904,234.598,226.263,221.457,222.741,220.29,223.05,228.618,238.73,243.012,244.409,244.519,242.253,234.175,228.952,228.76,227.539,229.451,232.817,234.283,234.308,0.296724,0.0,0.483374,0.0,0,0.354188,0.157848,0.0,0.02812,0,0.321458,0.425269,0.0,0.0,0.693288,0.998199,0.411022,0,0,0,1,0,0,0,0,0,0,1,0,0,0,1,1,0,1,0
49,3.2,0.941396,1,0.252119,0.0634661,-0.965613,-0.0435657,0.0889839,-0.99508,-17.2786,48.4384,275.211,0.0203185,-0.0111531,-0.10411,83.886,85.7886,89.9566,96.1634,105.114,117.544,131.291,147.879,166.442,184.11,197.474,208.404,215.953,220.057,221.754,221.995,220.584,95.1519,102.431,114.984,128.979,141.569,162.291,174.366,186.94,199.325,207.502,154.048,155.577,157.182,158.852,144.202,151.766,159.713,167.418,174.046,109.359,116.485,125.68,134.178,126.324,117.201,172.699,180.544,189.528,196.727,190.696,181.807,135.131,144.809,154.654,161.566,168.498,178.705,187.685,180.308,171.116,163.517,156.021,145.627,139.725,155.155,162.052,169.214,183.661,169.556,162.333,155.292,166.94,187.648,208.417,228.163,246.072,260.944,272.362,279.693,280.011,275.309,263.476,247.92,230.229,211.054,191.507,171.751,152.403,146.396,134.73,128.75,128.036,131.44,128.684,122.526,120.632,123.592,132.676,148.101,160.821,173.352,186.436,200.474,202.125,203.447,200.664,197.486,159.961,154.177,153.172,156.931,160.128,161.591,152.512,146.668,146.133,149.985,153.202,153.857,234.472,226.172,221.411,222.701,220.267,223.004,228.554,238.745,243.049,244.434,244.524,242.197,234.055,228.889,228.704,227.497,229.39,232.862,234.318,234.328,0.329031,0.0,0.509574,0.0,0,0.276573,0.0440618,0.0,0.0126674,0,0.424209,0.496176,0.0,0.0,0.762914,0.935846,0.205035,0,0,0,1,0,0,0,0,0,0,1,0,0,0,1,1,0,1,0
50,3.26667,0.942145,1,0.244144,0.0586601,-0.967963,-0.0529625,0.0842492,-0.995036,-17.1725,48.2771,274.706,0.0210193,-0.0122234,-0.102358,83.9922,85.8536,89.9898,96.1215,104.94,117.246,131.02,147.706,166.326,184.005,197.364,208.318,215.937,220.12,221.898,222.189,220.791,95.1793,102.481,115.06,129.078,141.683,162.464,174.552,187.139,199.556,207.787,154.16,155.701,157.312,158.981,144.336,151.882,159.812,167.498,174.12,109.393,116.532,125.828,134.383,126.482,117.256,172.86,180.712,189.775,197.01,191.009,182.037,135.114,144.836,154.732,161.632,168.564,178.796,187.792,180.405,171.174,163.569,156.072,145.627,139.725,155.202,162.094,169.255,183.778,169.606,162.382,155.339,166.873,187.521,208.2,227.891,245.824,260.793,272.341,279.76,280.111,275.452,263.681,248.13,230.416,211.192,191.564,171.708,152.218,146.341,134.679,128.734,127.998,131.361,128.606,122.434,120.541,123.507,132.587,147.844,160.599,173.169,186.291,200.393,202.043,203.357,200.6,197.456,159.653,153.707,152.718,156.69,159.875,161.338,152.289,146.211,145.654,149.661,152.939,153.615,234.443,226.166,221.4,222.702,220.27,223.028,228.575,238.872,243.192,244.563,244.639,242.258,234.035,228.845,228.672,227.475,229.416,233.024,234.463,234.446,0.307822,0.0,0.461758,0.0,0,0.219401,0.00735989,0.0,0.0126674,0,0.493077,0.50902,0.0,0.0,0.885945,0.986406,0.116131,0,0,0,1,0,0,0,0,0,0,1,0,0,0,1,1,0,0,0
51,3.33333,0.939117,1,0.243834,0.0576681,-0.968101,-0.0536746,0.0780764,-0.995501,-16.7775,48.3861,274.11,0.0237859,-0.0166749,-0.101968,83.9253,85.8606,90.0984,96.2926,105.171,117.527,131.358,148.131,166.759,184.378,197.629,208.507,216.108,220.315,222.151,222.465,221.046,95.3158,102.652,115.354,129.473,142.131,162.775,174.887,187.512,199.956,208.157,154.578,156.171,157.835,159.561,144.72,152.333,160.324,168.04,174.677,109.53,116.677,126.068,134.666,126.719,117.391,173.276,181.092,190.222,197.458,191.508,182.473,135.689,145.316,155.183,162.121,169.075,179.269,188.141,180.919,171.751,164.115,156.579,146.157,140.333,155.661,162.587,169.771,184.098,170.179,162.924,155.837,166.632,187.422,208.199,227.97,246.024,261.104,272.771,280.229,280.565,275.913,264.14,248.577,230.828,211.568,191.872,171.916,152.326,146.464,134.659,128.684,127.958,131.382,128.688,122.504,120.598,123.587,132.799,147.933,160.807,173.485,186.707,200.694,202.348,203.669,200.882,197.699,159.611,153.532,152.571,156.749,159.931,161.37,152.352,146.079,145.5,149.638,152.963,153.665,234.983,226.44,221.564,222.871,220.423,223.279,229.098,239.387,243.729,245.112,245.195,242.813,234.528,229.05,228.86,227.667,229.904,233.56,235.022,235.002,0.235931,0.0,0.38414,0.0,0,0.0639491,0.00735989,0.0,0.0,0,0.511384,0.496471,0.0,0.0,0.997809,0.98216,0.0291983,0,0,0,1,0,0,0,0,0,0,1,0,0,0,1,1,0,0,0
52,3.4,0.942544,1,0.244084,0.058483,-0.967989,-0.0564774,0.078472,-0.995315,-16.6742,48.6514,274.191,0.0294933,-0.0172754,-0.100373,83.9647,85.901,90.1436,96.3274,105.198,117.582,131.437,148.174,166.796,184.46,197.738,208.631,216.219,220.412,222.24,222.536,221.067,95.514,102.852,115.536,129.639,142.309,163.141,175.174,187.733,200.102,208.21,154.905,156.494,158.16,159.882,144.959,152.566,160.54,168.25,174.871,109.66,116.815,126.221,134.817,126.852,117.51,173.518,181.322,190.476,197.694,191.754,182.704,135.651,145.23,155.128,162.151,169.189,179.416,188.233,180.994,171.753,164.026,156.392,145.983,140.29,155.586,162.606,169.875,184.176,170.24,162.895,155.718,166.586,187.388,208.154,227.924,245.989,261.07,272.729,280.193,280.565,275.926,264.097,248.517,230.803,211.628,192.026,172.118,152.576,146.508,134.737,128.779,128.109,131.578,128.922,122.727,120.813,123.771,132.956,148.182,161.162,173.946,187.263,201.093,202.762,204.118,201.367,198.194,159.675,153.593,152.667,156.946,160.086,161.481,152.606,146.285,145.697,149.885,153.231,153.926,235.281,226.739,221.886,223.238,220.791,223.713,229.617,239.937,244.289,245.653,245.688,243.19,234.847,229.466,229.306,228.132,230.416,234.017,235.468,235.42,0.143428,0.0,0.334888,0.0,0,0.103106,0.0168394,0.0,0.0,0,0.44854,0.324694,0.0,0.0,1.02357,0.87982,0.0,0,0,0,1,0,0,0,0,0,0,1,0,0,0,1,1,0,0,0
53,3.46667,0.93927,1,0.246604,0.0610292,-0.967193,-0.0531689,0.0800288,-0.995374,-16.483,48.777,274.102,0.0249598,-0.0210506,-0.0998039,84.0639,86.0199,90.2237,96.3211,105.122,117.47,131.36,148.133,166.744,184.324,197.581,208.473,216.127,220.392,222.292,222.711,221.357,95.3551,102.837,115.707,129.951,142.767,163.23,175.423,188.095,200.632,208.931,155.109,156.722,158.404,160.143,145.042,152.719,160.781,168.541,175.207,109.749,116.982,126.441,135.095,127.082,117.677,173.743,181.632,190.807,198.078,192.099,183.012,135.785,145.668,155.477,162.475,169.508,179.554,188.424,181.024,171.917,164.23,156.655,146.349,140.447,155.909,162.914,170.179,184.381,170.392,163.081,155.95,166.793,187.619,208.432,228.227,246.241,261.187,272.616,279.8,280.03,275.484,263.92,248.588,231.03,211.878,192.268,172.344,152.741,147.026,135.236,129.295,128.6,132.002,129.307,123.13,121.175,124.113,133.34,148.518,161.532,174.363,187.719,201.531,203.211,204.551,201.778,198.588,160.07,154.029,153.078,157.322,160.491,161.933,152.937,146.601,146.019,150.157,153.559,154.264,235.508,227.315,222.558,223.893,221.419,224.227,229.719,239.273,243.316,244.683,244.776,242.67,235.082,230.003,229.847,228.63,230.516,233.181,234.631,234.628,0.106788,0.0,0.347929,0.00964491,0,0.11691,0.0607438,0.0,0.0,0,0.439847,0.279958,0.0,0.0,0.930077,0.748419,0.0,0,0,0,1,0,0,0,0,0,0,1,0,0,0,1,1,0,0,0
54,3.53333,0.940705,1,0.243401,0.0594185,-0.968104,-0.0529719,0.0773422,-0.995596,-16.566,48.7293,274.444,0.0218079,-0.0204988,-0.0985691,84.0593,85.9793,90.1341,96.1687,104.886,117.173,131.067,147.888,166.568,184.208,197.537,208.47,216.155,220.407,222.282,222.707,221.362,95.371,102.882,115.728,129.943,142.747,163.253,175.469,188.155,200.689,208.984,155.069,156.666,158.327,160.04,144.983,152.649,160.686,168.438,175.111,109.723,116.945,126.416,135.063,127.06,117.649,173.746,181.604,190.799,198.086,192.098,183.004,135.619,145.537,155.32,162.362,169.44,179.523,188.433,180.971,171.816,164.084,156.467,146.193,140.29,155.747,162.801,170.114,184.38,170.285,162.93,155.756,166.876,187.619,208.342,228.042,245.927,260.756,272.047,279.147,279.378,274.946,263.586,248.458,231.033,211.966,192.405,172.5,152.909,146.944,135.221,129.318,128.624,131.996,129.313,123.119,121.192,124.161,133.395,148.504,161.486,174.286,187.607,201.489,203.155,204.485,201.747,198.592,160.032,153.959,153.008,157.301,160.467,161.901,152.942,146.571,145.989,150.174,153.576,154.278,235.452,227.28,222.54,223.879,221.409,224.237,229.722,239.05,242.997,244.336,244.422,242.382,235.017,230.024,229.869,228.658,230.496,232.869,234.281,234.273,0.146668,0.0,0.425262,0.00964491,0,0.11691,0.0607438,0.0,0.0,0,0.363061,0.272353,0.0,0.0,0.772724,0.628407,0.0,0,0,0,1,0,0,0,0,0,0,1,0,0,0,1,1,0,0,0
55,3.6,0.939914,1,0.240362,0.0594162,-0.968863,-0.0516709,0.0811893,-0.995358,-16.5762,48.7926,273.945,0.0242155,-0.0238817,-0.0976678,83.9138,85.7323,89.8025,95.7727,104.432,116.689,130.615,147.56,166.307,183.965,197.308,208.299,216.04,220.33,222.238,222.692,221.363,95.2865,102.777,115.649,129.908,142.726,163.228,175.472,188.166,200.719,209.024,155.025,156.667,158.369,160.115,145.091,152.729,160.726,168.428,175.067,109.654,116.883,126.4,135.061,127.059,117.602,173.715,181.57,190.789,198.066,192.11,182.988,135.824,145.81,155.529,162.451,169.376,179.361,188.227,180.776,171.703,164.134,156.645,146.447,140.541,155.938,162.877,170.039,184.186,170.135,162.944,155.9,166.9,187.543,208.196,227.868,245.806,260.748,272.179,279.436,279.726,275.278,263.84,248.607,231.128,211.995,192.368,172.396,152.724,146.932,135.232,129.342,128.686,132.075,129.349,123.094,121.119,124.1,133.353,148.654,161.665,174.5,187.859,201.822,203.497,204.812,202.095,198.957,160.144,154.054,153.104,157.421,160.639,162.089,153.023,146.617,146.036,150.222,153.696,154.407,235.844,227.772,223.018,224.376,221.91,224.743,230.133,239.313,243.125,244.423,244.509,242.569,235.406,230.606,230.452,229.264,230.901,232.907,234.27,234.257,0.244611,0.0655011,0.420141,0.0333967,0,0.103132,0.0439044,0.0,0.0,0,0.286166,0.422843,0.0,0.0,0.468052,0.418397,0.0,0,0,0,1,0,0,0,0,0,0,1,0,0,0,1,1,0,0,0
56,3.66667,0.937106,1,0.240333,0.0599689,-0.968836,-0.0474308,0.0761147,-0.99597,-16.7695,48.8954,273.196,0.0146371,-0.0262784,-0.0970317,83.4442,85.2837,89.3955,95.3558,104.057,116.404,130.325,147.274,166.002,183.702,197.073,208.083,215.777,220.031,221.892,222.283,220.905,94.9249,102.542,115.466,129.717,142.557,163.013,175.176,187.782,200.258,208.569,154.882,156.63,158.437,160.286,145.248,152.832,160.766,168.393,174.934,109.466,116.626,126.161,134.807,126.814,117.334,173.33,181.182,190.384,197.599,191.719,182.616,135.756,146.088,155.663,162.392,169.148,178.842,187.732,180.019,171.072,163.737,156.496,146.53,140.436,156.016,162.776,169.759,183.744,169.617,162.648,155.826,167.192,187.869,208.626,228.449,246.485,261.504,272.969,280.249,280.552,276.207,264.802,249.519,231.935,212.716,193.016,173.01,153.299,147.052,135.347,129.409,128.717,132.04,129.333,123.195,121.331,124.318,133.552,148.683,161.783,174.73,188.204,202.403,204.056,205.366,202.7,199.582,160.389,154.238,153.283,157.605,160.929,162.421,153.301,146.88,146.316,150.605,154.095,154.774,236.06,228.583,224.091,225.457,223.055,225.706,230.535,238.86,242.118,243.304,243.379,241.831,235.681,231.452,231.347,230.16,231.308,232.237,233.538,233.528,0.285168,0.117932,0.369133,0.0237518,0,0.216261,0.0,0.0,0.0,0,0.120088,0.416485,0.0,0.0,0.206836,0.20242,0.0,0,0,0,1,0,0,0,0,0,0,1,0,0,0,0,0,0,0,0
57,3.73333,0.939519,1,0.240205,0.0574485,-0.969021,-0.0484576,0.0788479,-0.995708,-16.9829,49.1016,272.529,0.0164901,-0.0219096,-0.0980635,83.3478,85.1402,89.259,95.2949,104.055,116.391,130.285,147.206,165.888,183.504,196.839,207.859,215.653,220.017,221.946,222.369,221.023,94.5229,102.033,114.984,129.271,142.107,162.5,174.775,187.559,200.234,208.679,154.32,156.027,157.785,159.583,144.555,152.214,160.248,167.971,174.637,108.995,116.182,125.76,134.499,126.449,116.913,173.016,180.959,190.217,197.526,191.59,182.41,135.333,145.684,155.269,162.049,168.878,178.717,187.807,179.988,170.97,163.548,156.257,146.235,140.049,155.651,162.46,169.523,183.771,169.421,162.373,155.493,167.481,188.132,208.873,228.688,246.733,261.799,273.352,280.657,280.922,276.577,265.257,250.06,232.506,213.249,193.405,173.227,153.336,147.562,135.758,129.83,129.191,132.597,129.782,123.45,121.457,124.5,133.923,149.07,162.236,175.246,188.782,202.849,204.534,205.84,203.092,199.932,160.75,154.59,153.633,157.969,161.282,162.801,153.574,147.067,146.474,150.723,154.266,154.986,236.421,228.985,224.463,225.81,223.356,225.95,230.682,239.06,242.386,243.62,243.722,242.203,236.051,231.834,231.713,230.477,231.472,232.479,233.808,233.804,0.258082,0.182821,0.242183,0.0237518,0,0.29325,0.0,0.0,0.00682482,0,0.027073,0.443955,0.0,0.0,0.000531722,0.0793465,0.0,0,0,0,1,0,0,0,0,0,0,1,0,0,0,0,0,0,0,0
58,3.8,0.939766,1,0.2404,0.0568383,-0.969008,-0.0487457,0.0782473,-0.995742,-16.9649,49.1149,272.418,0.0135863,-0.022104,-0.0981542,83.3136,85.1276,89.2834,95.349,104.136,116.483,130.364,147.256,165.895,183.466,196.789,207.807,215.61,219.99,221.943,222.385,221.06,94.4409,101.945,114.919,129.225,142.073,162.496,174.749,187.528,200.209,208.677,154.309,156.023,157.786,159.591,144.592,152.243,160.268,167.981,174.639,108.986,116.18,125.775,134.523,126.465,116.91,173.004,180.947,190.219,197.536,191.603,182.408,135.42,145.763,155.34,162.098,168.901,178.722,187.807,180.003,171.014,163.617,156.348,146.331,140.142,155.727,162.514,169.551,183.766,169.455,162.433,155.576,167.614,188.29,209.056,228.889,246.931,261.974,273.506,280.786,281.049,276.742,265.466,250.319,232.791,213.545,193.688,173.495,153.594,147.583,135.739,129.796,129.158,132.591,129.786,123.435,121.435,124.455,133.877,149.069,162.228,175.228,188.755,202.873,204.545,205.841,203.095,199.941,160.767,154.586,153.629,157.981,161.305,162.827,153.603,147.075,146.479,150.747,154.298,155.02,236.444,228.996,224.46,225.805,223.354,225.959,230.699,239.068,242.392,243.626,243.735,242.225,236.063,231.84,231.716,230.483,231.488,232.472,233.8,233.8,0.202595,0.227957,0.23359,0.0546468,0,0.24952,0.0,0.0,0.00682482,0,0.0,0.389425,0.0,0.0,0.0354728,0.253865,0.0,0,1,0,1,0,0,0,0,0,0,1,0,0,0,0,0,0,0,0
59,3.86667,0.944251,1,0.241428,0.0555369,-0.968828,-0.0492006,0.0766049,-0.995847,-16.9186,48.9983,272.447,0.0128493,-0.0221665,-0.0991904,83.4362,85.3337,89.508,95.5391,104.291,116.615,130.493,147.394,166.1,183.716,197.01,207.943,215.674,219.976,221.888,222.298,220.947,94.365,101.777,114.758,129.14,142.103,162.292,174.604,187.453,200.174,208.606,154.297,156.013,157.788,159.61,144.444,152.2,160.331,168.127,174.854,108.964,116.138,125.71,134.49,126.42,116.889,172.991,180.958,190.219,197.549,191.579,182.397,135.083,145.534,155.274,162.197,169.185,179.16,188.335,180.503,171.399,163.818,156.385,146.164,139.799,155.696,162.64,169.863,184.285,169.831,162.622,155.599,167.545,188.24,208.982,228.785,246.776,261.78,273.312,280.597,280.847,276.513,265.206,250.076,232.565,213.379,193.624,173.594,153.862,147.684,135.696,129.589,128.835,132.264,129.607,123.311,121.423,124.549,134.054,148.889,162.058,175.056,188.581,202.72,204.38,205.689,202.882,199.681,160.63,154.434,153.478,157.833,161.107,162.63,153.507,146.992,146.415,150.704,154.177,154.884,236.237,228.783,224.27,225.594,223.105,225.618,230.332,238.879,242.377,243.68,243.813,242.25,235.884,231.591,231.46,230.168,231.151,232.491,233.888,233.899,0.244316,0.256813,0.2376,0.142496,0,0.223713,0.0,0.0,0.00682482,0,0.0205427,0.427145,0.00716818,0.0,0.122239,0.346725,0.0,0,1,0,1,0,0,0,0,0,0,1,0,0,0,0,0,0,0,0
60,3.93333,0.941879,1,0.243086,0.0572771,-0.968312,-0.0495441,0.074672,-0.995977,-16.898,49.016,272.676,0.0134431,-0.0221543,-0.0994144,83.4345,85.3432,89.5299,95.5759,104.341,116.679,130.569,147.479,166.192,183.815,197.107,208.013,215.707,219.987,221.893,222.3,220.942,94.4542,101.917,114.866,129.189,142.101,162.418,174.69,187.475,200.138,208.564,154.363,156.071,157.839,159.655,144.503,152.245,160.364,168.155,174.872,109.037,116.207,125.766,134.517,126.462,116.949,173.05,180.989,190.236,197.551,191.592,182.431,135.137,145.542,155.274,162.215,169.216,179.183,188.319,180.53,171.43,163.832,156.38,146.167,139.842,155.697,162.656,169.892,184.274,169.874,162.648,155.608,167.553,188.274,209.035,228.848,246.838,261.827,273.323,280.551,280.767,276.417,265.109,249.98,232.468,213.289,193.55,173.527,153.804,147.535,135.625,129.577,128.839,132.243,129.581,123.32,121.43,124.495,133.907,148.855,162.018,175.011,188.528,202.648,204.312,205.626,202.823,199.616,160.585,154.391,153.435,157.787,161.058,162.571,153.459,146.961,146.379,150.669,154.131,154.836,236.243,228.723,224.202,225.522,223.038,225.569,230.348,238.918,242.438,243.744,243.875,242.29,235.879,231.511,231.376,230.087,231.163,232.568,233.97,233.982,0.249901,0.304432,0.216476,0.237053,0,0.213621,0.0,0.0,0.0,0,0.10714,0.45326,0.00716818,0.0,0.258125,0.456998,0.0,0,1,0,1,0,0,0,0,0,0,1,0,0,0,0,0,0,0,0
61,4.0,0.941207,1,0.245572,0.0582884,-0.967624,-0.0520235,0.0758521,-0.995761,-16.8748,49.0624,273.07,0.0165112,-0.0240485,-0.0989943,83.4859,85.3763,89.5294,95.54,104.239,116.521,130.437,147.395,166.143,183.754,197.039,207.922,215.646,219.954,221.897,222.341,221.002,94.5078,102.079,114.972,129.209,142.039,162.59,174.824,187.517,200.096,208.564,154.408,156.125,157.901,159.718,144.583,152.314,160.419,168.191,174.895,109.075,116.259,125.817,134.563,126.512,117.013,173.137,181.035,190.279,197.602,191.634,182.489,135.215,145.564,155.294,162.296,169.343,179.319,188.371,180.715,171.629,163.977,156.456,146.216,139.934,155.721,162.737,170.019,184.344,170.043,162.764,155.661,167.603,188.264,208.946,228.674,246.579,261.5,272.927,280.13,280.363,276.068,264.861,249.836,232.402,213.256,193.522,173.484,153.745,147.164,135.471,129.585,128.87,132.211,129.541,123.326,121.43,124.387,133.578,148.891,162.056,175.045,188.548,202.605,204.281,205.596,202.795,199.588,160.54,154.365,153.408,157.756,161.014,162.515,153.413,146.936,146.351,150.612,154.079,154.788,236.29,228.679,224.131,225.44,222.943,225.503,230.356,239.047,242.684,244.021,244.151,242.494,235.918,231.464,231.313,230.018,231.177,232.75,234.164,234.175,0.251871,0.307948,0.150777,0.277139,0,0.267276,0.0,0.0,0.0106963,0,0.263361,0.587406,0.00716818,0.0,0.399316,0.442471,0.0,1,1,0,1,0,0,0,0,0,0,1,0,0,0,0,0,0,0,0
62,4.06667,0.947277,1,0.245234,0.0560614,-0.967842,-0.0499971,0.075971,-0.995856,-16.8508,49.2014,272.95,0.0243922,-0.0232825,-0.0992985,83.4702,85.3725,89.5513,95.6095,104.352,116.659,130.574,147.511,166.255,183.857,197.106,207.98,215.711,220.024,221.966,222.387,221.019,94.5257,102.061,114.94,129.21,142.056,162.57,174.801,187.533,200.143,208.572,154.439,156.131,157.889,159.694,144.534,152.28,160.4,168.195,174.919,109.013,116.225,125.795,134.567,126.489,116.974,173.171,181.081,190.349,197.704,191.711,182.537,135.008,145.293,155.21,162.237,169.295,179.46,188.578,180.954,171.73,164.037,156.455,146.002,139.734,155.654,162.691,169.984,184.528,170.13,162.816,155.665,167.503,188.22,208.936,228.674,246.627,261.605,273.128,280.445,280.725,276.332,264.966,249.791,232.281,213.114,193.401,173.387,153.674,147.208,135.477,129.569,128.855,132.271,129.606,123.323,121.396,124.367,133.596,148.973,162.139,175.117,188.616,202.61,204.292,205.621,202.797,199.575,160.581,154.395,153.454,157.842,161.059,162.536,153.483,146.959,146.358,150.622,154.092,154.818,236.381,228.587,223.949,225.266,222.765,225.37,230.404,239.797,243.756,245.124,245.24,243.288,236.028,231.353,231.196,229.914,231.262,233.679,235.111,235.108,0.228652,0.363657,0.150627,0.215945,0,0.313408,0.0,0.0,0.0290362,0,0.333052,0.710182,0.0,0.0,0.33925,0.539632,0.0,1,1,0,1,0,0,0,0,0,0,1,0,0,0,0,1,0,0,0
63,4.13333,0.943079,1,0.244287,0.059041,-0.967904,-0.046608,0.0784761,-0.995826,-16.8117,49.2155,272.179,0.0201994,-0.0273878,-0.09769,83.1819,85.0369,89.2019,95.2557,104.023,116.359,130.265,147.223,165.957,183.597,196.867,207.793,215.529,219.884,221.863,222.314,220.981,94.4961,102.031,114.995,129.303,142.148,162.743,174.922,187.58,200.135,208.546,154.541,156.317,158.147,160.017,144.813,152.512,160.6,168.336,174.983,109.057,116.236,125.821,134.548,126.503,116.974,173.245,181.139,190.382,197.644,191.744,182.594,135.543,145.964,155.625,162.406,169.221,179.019,188.01,180.325,171.34,163.942,156.646,146.54,140.26,156.0,162.807,169.847,184.017,169.809,162.779,155.895,167.592,188.32,209.077,228.901,246.969,262.062,273.665,281.049,281.365,277.053,265.706,250.476,232.865,213.585,193.732,173.566,153.689,147.244,135.447,129.52,128.867,132.277,129.575,123.324,121.379,124.328,133.592,148.956,162.322,175.515,189.22,203.073,204.819,206.177,203.365,200.123,160.582,154.383,153.445,157.813,161.123,162.623,153.482,146.983,146.399,150.698,154.205,154.906,236.664,229.288,224.839,226.176,223.73,226.244,230.92,239.529,242.985,244.244,244.339,242.729,236.325,232.089,231.97,230.72,231.752,233.156,234.515,234.5,0.254776,0.374657,0.205343,0.121388,0,0.489347,0.0,0.0,0.0565123,0,0.282848,0.815452,0.0,0.0,0.261283,0.673743,0.0,1,1,0,1,0,0,0,0,0,0,1,0,0,0,0,1,0,0,0
64,4.2,0.943139,1,0.247042,0.0586396,-0.967229,-0.0489818,0.0764123,-0.995872,-16.9105,49.5337,272.155,0.0171015,-0.0266823,-0.0983665,83.0424,84.9206,89.1284,95.2053,103.989,116.314,130.138,147.068,165.79,183.454,196.79,207.769,215.506,219.839,221.792,222.23,220.886,94.3739,101.948,114.949,129.267,142.108,162.494,174.688,187.377,199.979,208.438,154.396,156.18,158.016,159.893,144.715,152.418,160.5,168.235,174.883,108.949,116.13,125.736,134.462,126.411,116.857,173.075,180.961,190.217,197.487,191.598,182.433,135.536,145.963,155.576,162.327,169.109,178.872,187.885,180.161,171.205,163.842,156.584,146.534,140.27,155.956,162.734,169.747,183.868,169.665,162.669,155.821,167.962,188.717,209.534,229.403,247.515,262.634,274.25,281.618,281.907,277.603,266.239,250.94,233.261,213.918,194.031,173.838,153.948,147.704,135.87,129.932,129.284,132.71,129.969,123.672,121.695,124.636,133.961,149.337,162.672,175.838,189.521,203.487,205.204,206.537,203.735,200.508,161.045,154.821,153.876,158.249,161.593,163.106,153.862,147.333,146.733,151.037,154.573,155.29,237.168,229.693,225.177,226.513,224.059,226.613,231.355,239.74,243.07,244.312,244.429,242.954,236.8,232.518,232.382,231.138,232.167,233.207,234.552,234.558,0.271815,0.340681,0.206138,0.0266551,0,0.536176,0.0,0.0,0.0535914,0,0.167218,0.867454,0.0,0.0,0.113051,0.737257,0.0,1,1,0,1,0,0,0,0,0,0,1,0,0,0,0,1,0,0,0
65,4.26667,0.943064,1,0.246566,0.0584018,-0.967365,-0.0485215,0.0760866,-0.99592,-16.9048,49.5522,272.145,0.0164576,-0.0265677,-0.0985411,83.0337,84.9271,89.1519,95.2428,104.034,116.369,130.219,147.159,165.868,183.5,196.802,207.753,215.484,219.82,221.78,222.225,220.883,94.3625,101.897,114.894,129.218,142.073,162.495,174.695,187.391,200.001,208.449,154.389,156.179,158.02,159.902,144.705,152.415,160.509,168.25,174.904,108.956,116.134,125.74,134.469,126.419,116.863,173.062,180.947,190.206,197.479,191.591,182.422,135.567,145.964,155.568,162.33,169.12,178.881,187.883,180.179,171.233,163.86,156.59,146.549,140.299,155.952,162.741,169.762,183.865,169.684,162.68,155.821,168.0,188.775,209.603,229.479,247.578,262.681,274.272,281.595,281.865,277.572,266.253,251.005,233.365,214.043,194.146,173.924,154.007,147.791,135.913,129.941,129.276,132.692,129.954,123.663,121.694,124.659,134.022,149.347,162.719,175.92,189.635,203.529,205.249,206.586,203.773,200.54,161.053,154.825,153.879,158.258,161.597,163.111,153.873,147.337,146.736,151.041,154.576,155.295,237.186,229.692,225.168,226.504,224.047,226.611,231.375,239.759,243.093,244.337,244.455,242.98,236.812,232.514,232.378,231.132,232.184,233.211,234.557,234.564,0.465958,0.464771,0.31461,0.0,0,0.7078,0.0,0.0,0.154207,0,0.171431,0.84552,0.0,0.0,0.336691,0.878399,0.607713,1,1,0,1,0,0,0,0,0,0,1,0,0,0,0,1,0,0,0
66,4.33333,0.899414,1,0.28367,0.120882,-0.951272,-0.0539339,0.147913,-0.987529,-16.7157,51.8466,275.838,0.0120017,-0.0193582,-0.0945564,84.48,85.9297,89.4696,95.3283,104.229,116.75,130.414,147.447,166.337,184.103,197.764,208.708,216.048,220.049,221.778,222.362,221.577,97.3756,103.301,115.495,129.836,142.744,162.843,174.846,187.43,199.806,207.784,155.051,156.51,158.016,159.532,144.812,152.495,160.531,168.261,175.003,112.633,119.871,128.343,136.464,129.018,120.609,172.957,181.019,189.44,196.331,190.21,181.823,135.657,145.683,155.394,162.395,169.339,179.233,188.078,180.491,171.549,164.037,156.61,146.392,140.25,155.786,162.751,169.905,184.122,169.984,162.864,155.79,169.186,189.823,210.57,230.671,248.788,264.209,276.166,283.882,284.57,279.93,268.321,252.771,234.88,215.395,195.299,175.134,155.509,149.647,136.769,129.718,128.996,132.766,130.14,123.83,122.28,126.041,135.928,152.383,164.543,176.5,189.094,203.693,205.435,206.873,204.104,201.075,164.792,160.263,159.282,161.437,164.763,166.218,157.613,153.6,153.328,156.088,159.034,159.473,237.667,229.895,225.447,226.838,224.543,227.179,232.426,241.81,245.448,246.7,246.745,244.76,237.26,232.931,232.913,231.744,233.136,235.585,236.871,236.85,0.667123,0.441638,0.594572,0.0,0,0.802291,0.113234,0.00801435,0.197423,0,0.349501,0.780501,0.0209872,0.0,0.753113,1.07887,1.16323,1,1,0,1,0,0,0,0,0,0,1,0,0,1,0,1,0,0,0
67,4.4,0.912236,1,0.278041,0.106986,-0.954593,-0.0646043,0.139603,-0.988098,-16.5675,52.334,274.769,0.0573767,-0.0170602,-0.0954195,84.2738,85.7258,89.4529,95.6204,104.782,117.423,131.181,148.125,166.943,184.602,197.985,208.813,216.145,220.273,222.168,222.686,221.767,97.8473,103.584,115.611,129.992,142.806,162.87,174.827,187.468,199.789,207.287,155.19,156.529,157.954,159.41,144.951,152.477,160.381,168.087,174.758,112.872,120.071,128.533,136.53,129.197,120.773,172.918,180.702,189.134,195.997,189.963,181.577,135.888,145.073,155.288,162.208,168.995,179.357,187.955,181.113,171.937,164.462,156.94,146.087,140.431,155.768,162.607,169.59,184.027,170.339,163.269,156.187,168.086,189.236,210.392,230.773,249.374,265.238,277.721,285.863,286.647,281.507,269.085,252.795,234.586,215.053,194.97,174.699,154.883,149.094,136.09,129.018,128.269,132.25,129.738,123.32,121.711,125.621,135.637,151.97,164.274,176.286,188.965,203.373,205.102,206.587,203.787,200.674,163.95,159.186,158.297,160.854,163.935,165.273,156.999,152.621,152.289,155.279,158.186,158.677,238.695,229.915,225.011,226.43,224.172,227.123,233.35,246.059,251.187,252.591,252.534,249.124,238.278,232.578,232.511,231.444,234.225,240.828,242.229,242.105,0.745354,0.445191,0.676225,0.0313284,0,0.766506,0.113234,0.00801435,0.189647,0,0.560375,0.721033,0.0209872,0.0,1.07681,1.21882,1.2137,1,1,0,1,0,0,0,0,0,0,1,0,0,0,0,1,0,0,0
68,4.46667,0.924223,1,0.243049,0.051615,-0.96864,-0.0456775,0.0781455,-0.995895,-16.3802,49.6567,271.931,0.0325731,-0.0256567,-0.0971579,83.4219,85.2561,89.4272,95.6822,104.754,117.283,131.185,147.981,166.662,184.239,197.415,208.264,216.049,220.493,222.55,222.99,221.676,95.251,102.527,115.358,129.712,142.505,163.044,175.284,188.053,200.579,208.704,154.912,156.534,158.232,159.983,144.676,152.495,160.718,168.619,175.419,109.593,116.814,126.205,134.853,126.875,117.541,173.732,181.576,190.715,197.961,191.948,182.91,135.65,145.556,155.556,162.674,169.796,180.064,188.893,181.737,172.53,164.748,157.044,146.451,140.354,156.033,163.125,170.469,184.856,170.934,163.528,156.262,167.259,188.419,209.524,229.563,247.711,262.815,274.468,281.973,282.43,278.029,266.557,251.254,233.549,214.21,194.257,174.018,154.161,146.929,134.879,128.773,128.067,131.664,129.2,123.01,121.238,124.498,134.006,149.184,162.374,175.315,188.794,202.636,204.389,205.806,202.908,199.612,160.695,154.699,153.812,157.955,161.087,162.483,153.806,147.66,147.15,151.271,154.53,155.182,237.28,228.895,224.089,225.411,222.953,225.736,231.418,241.843,246.325,247.749,247.806,245.35,236.895,231.462,231.299,230.061,232.265,236.238,237.715,237.652,0.639161,0.277603,0.6144,0.0647654,0,0.542991,0.113234,0.00801435,0.0706917,0,0.69535,0.717647,0.0209872,0.0,1.19805,1.23989,0.638304,1,1,0,1,0,0,0,0,0,0,1,0,0,1,0,1,0,0,0
69,4.53333,0.92391,1,0.245747,0.0548192,-0.967783,-0.0460821,0.0784661,-0.995851,-16.383,49.6269,271.774,0.0342698,-0.0259075,-0.0966503,83.3907,85.2171,89.3761,95.6203,104.677,117.189,131.088,147.885,166.582,184.175,197.365,208.236,216.045,220.502,222.567,223.019,221.715,95.1956,102.496,115.341,129.708,142.509,163.068,175.334,188.126,200.666,208.795,154.913,156.531,158.225,159.973,144.646,152.473,160.7,168.604,175.408,109.53,116.767,126.175,134.844,126.845,117.495,173.742,181.61,190.764,198.025,191.995,182.94,135.59,145.504,155.52,162.648,169.783,180.067,188.895,181.741,172.523,164.725,157.008,146.398,140.3,155.994,163.096,170.454,184.854,170.925,163.504,156.225,167.17,188.319,209.407,229.43,247.575,262.694,274.383,281.944,282.438,278.038,266.551,251.22,233.493,214.13,194.165,173.921,154.056,146.873,134.845,128.763,128.068,131.668,129.203,123.016,121.244,124.519,134.033,149.204,162.394,175.333,188.811,202.637,204.396,205.816,202.921,199.632,160.676,154.689,153.807,157.96,161.087,162.481,153.822,147.67,147.166,151.279,154.551,155.202,237.264,228.881,224.074,225.401,222.938,225.727,231.411,241.886,246.397,247.826,247.878,245.389,236.886,231.454,231.294,230.057,232.259,236.29,237.768,237.698,0.501324,0.271069,0.359571,0.144696,0,0.205663,0.0,0.0,0.0,0,0.566667,0.581254,0.0,0.0,0.812345,0.925191,0.0827873,1,1,0,1,0,0,0,0,0,0,1,0,0,1,0,1,0,0,0
70,4.6,0.919071,1,0.239339,0.051445,-0.969572,-0.0519402,0.0701274,-0.996185,-16.3676,48.6636,271.954,0.0178238,-0.0222477,-0.0995774,83.3592,85.2139,89.4292,95.7066,104.89,117.651,131.699,148.451,166.952,184.389,197.608,208.548,216.419,220.847,222.825,223.214,221.843,94.7875,102.321,115.251,129.548,142.406,162.908,175.156,187.954,200.594,208.986,154.785,156.445,158.179,159.968,144.765,152.584,160.763,168.624,175.431,109.219,116.428,125.958,134.704,126.643,117.156,173.658,181.578,190.838,198.195,192.133,182.977,135.515,145.926,155.748,162.791,169.848,180.014,189.182,181.48,172.301,164.637,157.066,146.705,140.253,156.251,163.293,170.586,185.083,170.684,163.389,156.251,166.931,187.911,208.936,228.91,246.808,261.558,272.766,279.862,280.091,275.843,264.66,249.806,232.455,213.361,193.572,173.534,153.872,146.213,134.386,128.408,127.773,131.357,128.896,122.668,120.837,123.926,133.313,148.566,161.784,174.786,188.311,202.403,204.056,205.388,202.543,199.304,160.051,153.981,153.077,157.378,160.612,162.05,153.228,146.897,146.365,150.58,153.972,154.646,236.117,228.452,223.825,225.14,222.655,225.241,230.168,239.169,242.975,244.321,244.442,242.676,235.793,231.311,231.153,229.85,231.021,232.879,234.281,234.288,0.460413,0.187909,0.325239,0.113368,0,0.195469,0.0,0.0,0.0585161,0,0.315203,0.417013,0.0,0.0258756,0.460747,0.561735,0.0402115,1,1,0,1,0,0,0,0,0,0,1,0,0,1,0,0,0,0,0
71,4.66667,0.935905,1,0.238326,0.0553513,-0.969607,-0.0554394,0.0737527,-0.995734,-16.2413,47.63,272.62,0.0150746,-0.0180317,-0.104937,83.6114,85.584,89.7696,95.9416,105.17,118.119,132.43,149.178,167.611,185.068,198.336,209.415,217.265,221.557,223.261,223.394,221.912,94.5353,102.015,115.0,129.379,142.435,162.969,175.241,188.136,200.855,209.233,154.894,156.575,158.34,160.181,145.056,152.846,160.994,168.788,175.514,109.368,116.504,125.994,134.7,126.68,117.22,173.623,181.579,190.787,198.165,192.092,182.989,135.225,146.343,156.29,163.041,169.887,179.93,189.551,181.221,172.019,164.633,157.401,146.973,139.809,156.774,163.538,170.604,185.532,170.529,163.489,156.665,166.741,187.543,208.4,228.258,245.905,260.31,271.075,277.96,278.041,273.591,262.309,247.584,230.403,211.486,191.971,172.34,153.007,146.242,134.339,128.192,127.457,130.999,128.458,122.28,120.471,123.585,133.013,147.874,161.097,174.125,187.676,201.54,203.198,204.526,201.624,198.326,159.397,153.337,152.413,156.712,159.946,161.417,152.506,146.107,145.546,149.775,153.145,153.851,233.486,227.098,223.055,224.293,221.843,223.761,227.301,235.964,239.514,240.839,241.006,239.55,233.341,229.876,229.766,228.35,228.299,230.118,231.542,231.603,0.37608,0.0944101,0.290389,0.0799307,0,0.241421,0.0,0.0,0.117632,0,0.0857815,0.196109,0.0,0.0364892,0.0891651,0.181158,0.0168547,1,0,0,1,0,0,0,0,0,0,0,0,0,1,0,0,0,0,0
72,4.73333,0.937374,1,0.238654,0.0567381,-0.969446,-0.0541368,0.0751759,-0.9957,-16.2143,47.5165,272.46,0.0206206,-0.016361,-0.106976,83.5581,85.5631,89.7553,95.9163,105.132,118.085,132.437,149.261,167.839,185.484,198.873,209.978,217.677,221.765,223.315,223.366,221.814,94.5488,101.964,114.914,129.3,142.406,162.927,175.213,188.126,200.837,209.15,154.91,156.561,158.304,160.127,145.076,152.858,160.985,168.769,175.483,109.391,116.511,125.988,134.677,126.674,117.226,173.603,181.578,190.784,198.155,192.071,182.969,135.248,146.339,156.286,163.037,169.869,179.927,189.576,181.21,171.987,164.61,157.387,146.966,139.805,156.793,163.549,170.609,185.532,170.512,163.48,156.67,166.39,187.234,208.117,228.014,245.734,260.208,271.014,277.929,277.963,273.325,261.776,246.794,229.466,210.49,191.057,171.554,152.338,146.237,134.32,128.117,127.398,130.956,128.42,122.247,120.415,123.53,132.967,147.878,161.077,174.083,187.617,201.543,203.194,204.523,201.626,198.315,159.379,153.348,152.424,156.712,159.961,161.429,152.481,146.103,145.542,149.744,153.135,153.844,233.511,227.116,223.071,224.317,221.85,223.748,227.27,235.96,239.515,240.85,241.027,239.58,233.363,229.94,229.825,228.403,228.272,230.1,231.532,231.602,0.355321,0.000569013,0.271257,0.0,0,0.284711,0.0,0.0,0.20047,0,0.0,0.109245,0.0560281,0.0771613,0.0,0.0,0.0168547,1,0,0,1,0,0,0,0,0,0,0,0,0,1,0,0,0,0,0
73,4.8,0.934592,1,0.236981,0.0547987,-0.969968,-0.053172,0.0771309,-0.995602,-15.9405,47.4595,272.335,0.025999,-0.017997,-0.109153,83.6366,85.7269,89.9688,96.1255,105.321,118.24,132.579,149.398,168.039,185.787,199.293,210.467,218.122,222.11,223.605,223.643,222.066,94.5655,102.045,115.007,129.408,142.557,163.063,175.334,188.22,200.93,209.313,155.15,156.817,158.582,160.432,145.359,153.177,161.328,169.105,175.817,109.554,116.715,126.234,134.95,126.915,117.424,173.81,181.798,191.034,198.445,192.33,183.196,135.506,146.658,156.675,163.444,170.283,180.345,190.002,181.671,172.47,165.086,157.844,147.329,140.072,157.215,163.98,171.058,185.943,170.971,163.925,157.107,166.295,187.151,208.036,227.923,245.646,260.101,270.894,277.833,277.842,273.099,261.354,246.184,228.752,209.722,190.368,171.022,151.953,146.119,134.289,128.117,127.405,130.974,128.467,122.325,120.452,123.449,132.735,147.995,161.217,174.234,187.771,201.681,203.322,204.643,201.716,198.382,159.414,153.381,152.465,156.795,160.046,161.511,152.524,146.109,145.535,149.708,153.145,153.88,233.521,227.082,222.988,224.224,221.709,223.572,227.055,235.871,239.546,240.94,241.157,239.717,233.377,229.949,229.806,228.352,228.093,230.017,231.493,231.591,0.311686,0.0,0.216661,0.0,0,0.228488,0.0,0.0,0.234867,0,0.0,0.0301948,0.0808072,0.0763481,0.0,0.0,0.00895976,1,0,0,1,0,0,0,0,0,0,0,0,0,1,0,0,0,0,0
74,4.86667,0.931095,1,0.236758,0.055171,-0.970001,-0.0524853,0.07772,-0.995593,-15.5644,47.4874,272.505,0.0312846,-0.0202134,-0.110886,83.8491,85.9603,90.2153,96.395,105.646,118.63,133.044,149.932,168.641,186.431,199.923,211.036,218.586,222.45,223.85,223.827,222.193,94.9529,102.479,115.456,129.873,143.036,163.366,175.651,188.545,201.229,209.533,155.539,157.228,159.02,160.903,145.851,153.661,161.787,169.533,176.208,109.942,117.087,126.593,135.289,127.281,117.806,174.118,182.078,191.294,198.682,192.587,183.478,135.977,147.113,157.14,163.93,170.78,180.839,190.431,182.191,173.017,165.621,158.357,147.818,140.541,157.701,164.479,171.569,186.377,171.506,164.446,157.611,166.115,187.002,207.922,227.827,245.568,260.032,270.833,277.811,277.797,272.94,261.019,245.698,228.192,209.153,189.872,170.628,151.651,146.103,134.318,128.157,127.446,131.02,128.507,122.358,120.481,123.498,132.779,148.045,161.258,174.263,187.79,201.725,203.35,204.666,201.734,198.388,159.437,153.409,152.493,156.822,160.071,161.533,152.516,146.1,145.52,149.679,153.118,153.86,233.568,227.094,222.992,224.217,221.686,223.515,226.996,235.941,239.708,241.137,241.363,239.881,233.424,229.968,229.811,228.337,228.05,230.156,231.663,231.769,0.261947,0.0,0.163792,0.0,0,0.0871703,0.0,0.0,0.25499,0,0.0,0.00332851,0.149196,0.108226,0.0,0.0,0.0,1,0,0,1,0,0,0,0,0,0,0,0,0,1,0,0,0,0,0
75,4.93333,0.930195,1,0.234916,0.0579099,-0.970289,-0.0605794,0.0838023,-0.994639,-15.1752,47.2798,271.794,0.0299248,-0.0222202,-0.10735,84.1149,86.1505,90.3202,96.4048,105.573,118.513,132.943,149.889,168.674,186.543,200.12,211.312,218.918,222.828,224.293,224.336,222.739,95.2551,102.845,115.912,130.404,143.62,163.963,176.267,189.183,201.888,210.214,156.11,157.763,159.521,161.364,146.182,154.028,162.182,169.958,176.667,110.242,117.452,127.011,135.75,127.678,118.148,174.723,182.75,192.013,199.411,193.281,184.12,136.202,147.38,157.427,164.263,171.155,181.213,190.776,182.523,173.336,165.897,158.587,148.04,140.794,157.969,164.795,171.929,186.69,171.85,164.747,157.868,165.742,186.652,207.592,227.535,245.343,259.864,270.715,277.727,277.764,272.964,261.074,245.785,228.291,209.234,189.934,170.673,151.69,145.646,133.87,127.764,127.152,130.834,128.438,122.289,120.407,123.407,132.696,147.939,161.11,174.073,187.563,201.61,203.25,204.581,201.697,198.384,159.136,153.123,152.241,156.641,159.872,161.299,152.48,146.062,145.516,149.714,153.163,153.876,233.649,227.116,222.983,224.249,221.724,223.666,227.284,236.087,239.788,241.188,241.394,239.91,233.493,230.049,229.911,228.472,228.296,230.17,231.644,231.729,0.119766,0.0,0.135206,0.0,0,0.0,0.0,0.0,0.237717,0,0.0,0.0,0.205167,0.127475,0.0,0.0,0.0,1,0,0,1,0,0,0,0,0,0,0,0,0,1,0,0,0,0,0
